StartChar: AEmacron.modern2
Encoding: 65600 -1 683
Width: 1700
VWidth: 0
Flags: W
HStem: -36 20<1140 1239> -20 20<299 346> 1451 20<405 479 1132 1194> 1593 148<521 1062>
VStem: 427 56<993 1071> 796 226<252 488.526 686.005 801>
DStem2: -62 120 -25 77 0.752577 0.658505<0 73.9407> 174.271 362.982 218 328 0.584143 0.811651<0 157.776> 311 290 189 30 0.71887 -0.695145<0 93.0355> 286 912 336 884 0.500503 0.865735<0.784572 73.9256> 381 731 435 718 0.242536 0.970142<0.485071 77.8539> 471 1197 417 1186 0.202092 -0.979367<-64.1252 -0.13991> 507 168 554 138 0.548357 0.836244<0.685446 72.9452> 705 730 710 504 0.849792 -0.527118<0 123.378> 875 1273 917 1236 0.547659 0.836702<0 54.7203> 1075 628 1127 607 0.408665 0.912685<2.08419 73.4098> 1295 1445 1228 1166 0.844247 -0.535954<0 92.9668> 1414 912 1337 632 0.812324 -0.583207<0 100.749> 1544 157 1575 110 0.812817 0.582519<0 71.6363> 1549 1344 1596 1313 0.564191 0.825645<0.921972 72.6705> 1552 823 1603 801 0.397223 0.917722<0.0684867 73.0068>
LayerCount: 2
Fore
Refer: 106 175 N 1 0 0 1 464 389 2
Refer: 663 -1 N 1 0 0 1 0 0 3
EndChar
