StartChar: Acircumflex.modern2
Encoding: 65586 -1 669
Width: 1227
VWidth: 2065
Flags: W
HStem: -20 20<299 346 952 1002> 1451 20<405 479> 1519 20<240 252 733 752> 1824 20<496 508>
VStem: 427 56<993 1071> 796 226<252 488.526 686.005 801>
DStem2: -62 120 -25 77 0.752577 0.658505<0 73.9407> 174.271 362.982 218 328 0.584143 0.811651<0 157.776> 311 290 189 30 0.71887 -0.695145<0 93.0355> 221.204 1545.5 253.95 1514.5 0.675233 0.737604<0 96.2576> 286 912 336 884 0.500503 0.865735<0.784572 73.9256> 381 731 435 718 0.242536 0.970142<0.485071 77.8539> 471 1197 417 1186 0.202092 -0.979367<-64.1252 -0.13991> 507 168 554 138 0.548357 0.836244<0.685446 72.9452> 705 730 710 504 0.849792 -0.527118<0 123.378> 1069 619 1119 594 0.452692 0.891667<0.342949 72.8972> 1149 169 1189 129 0.707107 0.707107<0 73.5391>
LayerCount: 2
Fore
Refer: 323 710 N 1 0 0 1 175 396 2
Refer: 661 -1 N 1 0 0 1 0 0 3
EndChar
