StartChar: Bdotaccent
Encoding: 7682 7682 346
Width: 1680
VWidth: 0
Flags: W
HStem: -45 20<904 1001> 1451 20<350 447 1118 1196> 1752 20<829 869>
DStem2: 131 264 157 215 0.879707 0.475517<0 83.691> 387 729 427 689 0.74666 0.665206<3.25815 72.9147> 631 387 518 121 0.726363 -0.687311<0 100.746> 723 1350 575 1102 0.626278 -0.7796<0 100.652> 814 1240 864 1215 0.452692 0.891667<0.342949 72.8972> 911 749 937 700 0.879721 0.47549<0 770.956> 1459 1221 1226 1050 0.276097 -0.96113<0 100.023> 1437 840 1346 565 0.780869 -0.624695<0 100.732> 1382 182 1419 140 0.753425 0.657534<-72.3425 0>
LayerCount: 2
Fore
Refer: 326 729 N 1 0 0 1 609 333 2
Refer: 35 66 N 1 0 0 1 0 0 3
LCarets2: 1 0 
Ligature2: "Unicode Diacritics" B dotcomb
EndChar
