StartChar: Ccircumflex
Encoding: 264 264 195
Width: 1295
VWidth: 17
Flags: W
HStem: -45 20<753.875 808.5> 1451 20<552.375 592.326 1035.05 1063> 1518 20<529.004 548.004 1029 1041> 1823 20<773.004 785.004>
DStem2: 432.147 412.343 281 165.5 0.618363 -0.785892<0 100.528> 829.864 881.677 715 616 0.722913 -0.690939<0 100.53> 724.5 1236.5 757.5 1191.5 0.778651 0.627457<0 63.3278> 731.5 273.599 761 226 0.849683 0.527293<0 72.968> 798.305 1353.01 747.725 1328.88 0.463306 -0.886198<0 57.8091> 994.804 1615.5 958.396 1588.5 0.675234 -0.737604<0 96.2574> 1121.16 1444.88 1030.19 1170.11 0.781062 -0.624454<0 100.528> 1218.33 149.812 1247.83 102.214 0.849683 0.527294<0 72.9685> 1283.21 1341.69 1328.76 1309.13 0.581003 0.813901<0 72.9739>
LayerCount: 2
Fore
Refer: 803 -1 N 1 0 0 1 464 395 2
Refer: 36 67 N 1 0 0 1 0 0 3
LCarets2: 1 0 
Ligature2: "Unicode Diacritics" C circumflexcomb
EndChar
