StartChar: Dcaron
Encoding: 270 270 201
Width: 1487
VWidth: 17
Flags: W
HStem: -45 20<720 782> 1451 20<551 613> 1519 20<617 629> 1824 20<373 392 873 885>
DStem2: -2.599 139.95 37.5 100 0.757952 0.652311<4.33288 73.3525> 344.5 543.501 364.5 491.247 0.948232 0.317578<2.36986 57.4753> 527 318.15 460 39 0.84459 -0.535414<0 92.8734> 645 899 535 630 0.728983 -0.684532<0 103.951> 537 1146 567 1098 0.886098 0.463498<4.33507 73.3553> 568 372 598 324 0.886098 0.463498<4.33507 73.3553> 879 1425 863 1136 0.917111 -0.398631<0 100.531> 903.8 1817.5 871.05 1848.5 0.675233 0.737604<-96.2576 0> 1161.49 209.5 1235 204 0.703888 0.710311<0 47.8386>
LayerCount: 2
Fore
Refer: 324 711 N 1 0 0 1 308 396 2
Refer: 37 68 N 1 0 0 1 0 0 3
LCarets2: 1 0 
Ligature2: "Unicode Diacritics" D caroncomb
EndChar
