StartChar: Ecaron
Encoding: 282 282 210
Width: 1418
VWidth: 2065
Flags: W
HStem: -45 20<753.875 808.5> 1451 20<552.375 592.326 1035.05 1063> 1478 20<836 848> 1783 20<592 611 1092 1104>
DStem2: 432.147 412.343 281 165.5 0.618363 -0.785892<0 100.528> 829.864 881.677 715 616 0.722913 -0.690939<0 100.53> 724.5 1236.5 757.5 1191.5 0.778651 0.627457<0 63.3278> 731.5 273.599 761 226 0.849683 0.527293<0 72.968> 798.305 1353.01 747.725 1328.88 0.463306 -0.886198<0 57.8091> 905.25 788.75 953.131 759.73 0.517809 0.855496<0 72.976> 1121.16 1444.88 1030.19 1170.11 0.781062 -0.624454<0 100.528> 1184.8 982.756 1071.93 716.236 0.728047 -0.685527<0 100.532> 1122.8 1776.5 1090.05 1807.5 0.675233 0.737604<-96.2576 0> 1218.33 149.812 1247.83 102.214 0.849683 0.527294<0 72.9685> 1283.21 1341.69 1328.76 1309.13 0.581003 0.813901<0 72.9739> 1301.22 877.063 1349.11 848.043 0.517804 0.855499<0 72.9775>
LayerCount: 2
Fore
Refer: 324 711 N 1 0 0 1 527 355 2
Refer: 38 69 N 1 0 0 1 0 0 3
LCarets2: 1 0 
Ligature2: "Unicode Diacritics" E caroncomb
EndChar
