StartChar: Gcaron
Encoding: 486 486 810
Width: 1576
VWidth: 2065
HStem: -45 20<734.667 841.667> 1451 20<595 673 1177 1198> 1478 20<920 932> 1783 20<676 695 1176 1188>
DStem2: 352 558 123 380 0.299015 -0.954248<0 101.382> 659 230 686 180 0.891667 0.452692<1.44038 72.8972> 817 854 686 595 0.679252 -0.733905<0 101.099> 819 1266 846 1217 0.865735 0.500503<-120.54 20.9702 91.0923 169.792> 890 1307 842 1279 0.506422 -0.862286<-72.0488 -0.164245> 914 836 948 791 0.812868 0.582448<1.42732 620.564> 984 26 992 -29 0.98853 0.151025<-72.6844 -0.398158> 1269 1367 1120 1119 0.622163 -0.782888<0 101.454> 1206.8 1776.5 1174.05 1807.5 0.675233 0.737604<-96.2576 0> 1386 884 1226 643 0.587862 -0.808961<0 100.902>
LayerCount: 2
Fore
Refer: 324 711 N 1 0 0 1 611 355 2
Refer: 40 71 N 1 0 0 1 0 0 3
LCarets2: 1 0 
Ligature2: "Unicode Diacritics" G caroncomb
EndChar
