StartChar: Gcircumflex.modern
Encoding: 65602 -1 685
Width: 1525
VWidth: 2065
Flags: W
HStem: -45 20<687 788> -20 20<1249 1303> 1451 20<595 674> 1519 20<624.004 643.004 1124 1136> 1824 20<868.004 880.004>
VStem: 1094 226<159.755 633.219>
DStem2: 352 558 123 380 0.299015 -0.954248<0 101.382> 609 230 636 180 0.891667 0.452692<1.44038 72.8972> 769 848 638 589 0.679252 -0.733905<0 101.099> 733 1228 757 1178 0.883788 0.467888<0 110.941> 888 1307 840 1279 0.506422 -0.862286<-72.0488 -0.164245> 1028 90 1063 44 0.808143 0.588986<1.19167 73.0068> 1089.8 1616.5 1053.4 1589.5 0.675234 -0.737604<0 96.2574> 1209 1371 1058 1124 0.620236 -0.784416<0 100.095> 1347 1250 1384 1208 0.753425 0.657534<0.260274 73> 1445 904 1480 862 0.759257 0.650791<-73.214 -0.759257> 1447 169 1487 129 0.707107 0.707107<0 73.5391>
LayerCount: 2
Fore
Refer: 803 -1 N 1 0 0 1 559 396 2
Refer: 684 -1 N 1 0 0 1 0 0 3
EndChar
