StartChar: Hcircumflex
Encoding: 292 292 220
Width: 1369
VWidth: 2065
Flags: W
HStem: -20 21<251 319> 1050 21<949 975> 1450 21<598 666> 1519 20<359.004 378.004 859.004 871.004> 1824 20<603.004 615.004>
DStem2: 251 284 127 23 0.697933 -0.716163<0 100.375> 316 1275 356 1236 0.700209 0.713938<0.164755 72.8354> 449 850 324 588 0.696633 -0.717428<0 100.887> 496 148 535 108 0.707107 0.707107<0 72.832> 552 790 584 744 0.813295 0.581852<-22.1835 234.557> 568 -194 582 -248 0.967913 0.251285<0 106.461> 783 1437 658 1176 0.696594 -0.717466<0 100.184> 824.804 1616.5 788.396 1589.5 0.675234 -0.737604<0 96.2574> 999 1052 875 791 0.697933 -0.716163<0 100.375> 974 1284 1017 1247 0.707107 0.707107<4.24264 62.2254 -1579.68 -1521.69>
LayerCount: 2
Fore
Refer: 803 -1 N 1 0 0 1 294 396 2
Refer: 41 72 N 1 0 0 1 0 0 3
LCarets2: 1 0 
Ligature2: "Unicode Diacritics" H circumflexcomb
EndChar
