StartChar: I.hist
Encoding: 65696 -1 779
Width: 1275
VWidth: 2065
Flags: W
HStem: -294 23<538 653> 1448 23<463 578>
DStem2: -70 1 -29 -38 0.74666 0.665206<4.67002 73.6614> 424 53 295 -206 0.684634 -0.728887<0 100.464> 558 653 598 613 0.74666 0.665206<3.25815 72.9147> 840 1370 728 1103 0.732701 -0.680551<0 99.6447> 1042 635 892 389 0.621505 -0.78341<0 99.4931> 952 -124 952 -198 0.751317 0.659941<0 49.658> 1133 1194 1163 1147 0.844213 0.536008<0.134002 74.6257>
LayerCount: 2
Fore
Refer: 43 74 N 1 0 0 1 0 0 3
EndChar
