StartChar: Iacute
Encoding: 205 205 136
Width: 1198
VWidth: 2065
GlyphClass: 1
Flags: W
HStem: -45 20<530 624> 1451 20<472 566> 1824 20<395 401>
DStem2: 25 296 61 254 0.753425 0.657534<-72.7397 -0.493151 1366.42 1440.83> 421 321 259 81 0.580253 -0.814436<0 101.464> 413 1837 404 1822 0.812104 -0.583512<1.44374 166.235> 547 828 580 783 0.808143 0.588986<-72.6233 0> 802 1377 657 1127 0.636073 -0.771629<0 100.677> 978 735 845 478 0.675134 -0.737695<0 99.7947> 931 158 969 118 0.727394 0.68622<-72.6296 0>
LayerCount: 2
Fore
Refer: 111 180 N 1 0 0 1 152 396 2
Refer: 42 73 N 1 0 0 1 0 0 3
LCarets2: 1 0 
Ligature2: "Unicode Diacritics" I acutecomb
EndChar
