StartChar: Itilde
Encoding: 296 296 224
Width: 1198
VWidth: 17
Flags: W
HStem: -45 20<530 624> 1451 20<472 566>
DStem2: 25 296 61 254 0.753425 0.657534<-72.7397 -0.493151 1366.42 1440.83> 421 321 259 81 0.580253 -0.814436<0 101.464> 332 1630 375 1615 0.21693 0.976187<0 46.857> 540.673 1832.79 471.668 1676.98 0.815735 -0.578426<33.8386 184.836> 547 828 580 783 0.808143 0.588986<-72.6233 0> 802 1377 657 1127 0.636073 -0.771629<0 100.677> 781 1735 823 1717 0.21693 0.976187<0 46.857> 978 735 845 478 0.675134 -0.737695<0 99.7947> 931 158 969 118 0.727394 0.68622<-72.6296 0>
LayerCount: 2
Fore
Refer: 329 732 N 1 0 0 1 286 414 2
Refer: 42 73 N 1 0 0 1 0 0 3
LCarets2: 1 0 
Ligature2: "Unicode Diacritics" I tildecomb
EndChar
