StartChar: Jcircumflex
Encoding: 308 308 236
Width: 1275
VWidth: 17
Flags: W
HStem: -294 23<538 653> 1448 23<463 578> 1519 20<301 313 794 813> 1824 20<557 569>
DStem2: -70 1 -29 -38 0.74666 0.665206<4.67002 73.6614> 282.204 1545.5 314.95 1514.5 0.675233 0.737604<0 96.2576> 424 53 295 -206 0.684634 -0.728887<0 100.464> 558 653 598 613 0.74666 0.665206<3.25815 72.9147> 840 1370 728 1103 0.732701 -0.680551<0 99.6447> 1042 635 892 389 0.621505 -0.78341<0 99.4931> 952 -124 952 -198 0.751317 0.659941<0 49.658> 1133 1194 1163 1147 0.844213 0.536008<0.134002 74.6257>
LayerCount: 2
Fore
Refer: 323 710 N 1 0 0 1 236 396 2
Refer: 43 74 N 1 0 0 1 0 0 3
LCarets2: 1 0 
Ligature2: "Unicode Diacritics" J circumflexcomb
EndChar
