StartChar: Kcommaaccent.modern
Encoding: 65607 -1 690
Width: 1593
VWidth: 2065
Flags: W
HStem: -20 20<537 592 1303 1348> 72 20<958 982> 1451 20<300 393 1195 1243>
VStem: 811 20<-78 -54> 1104 25<-119 -54>
DStem2: 176 120 213 77 0.752866 0.658173<0 61.0998> 348 871 384 827 0.806405 0.591364<3.01058 72.7915> 554 290 432 30 0.71887 -0.695145<0 93.0355> 685 1322 516 1090 0.576963 -0.81677<0 91.984> 746 168 793 138 0.548357 0.836244<0.685446 72.9452> 823 797 856 752 0.823648 0.567102<1.6608 74.0608> 970 70 831 -65 0.707107 -0.707107<0 193.747> 920.67 -429.335 955 -450.333 0.505226 0.862987<0 105.446> 1212 897 1023 680 0.500475 -0.865751<0 93.2781> 1026.53 1147.52 1082 1140 0.115694 0.993285<0 71.3738> 1343.43 525.522 1084 401 0.117132 -0.993116<0 93.2776> 1404 251 1215 34 0.500475 -0.865751<0 93.2781> 1325 1446 1259 1166 0.847064 -0.531491<0 92.9113> 1490 1391 1543 1373 0.303774 0.952744<0 71.373> 1511 138 1543 92 0.823648 0.567102<0.270048 72.67>
LayerCount: 2
Fore
Refer: 13 44 N 1 0 0 1 718 -206 2
Refer: 689 -1 N 1 0 0 1 0 0 3
EndChar
