StartChar: Lcommaaccent
Encoding: 315 315 243
Width: 1095
VWidth: 0
Flags: W
HStem: -45 20<606.667 679.667> 1415 56<510 574>
VStem: 840 190<1030 1140>
DStem2: -44 212 -9 168 0.790085 0.612997<0.681108 73.4098> 324 969 174 721 0.623104 -0.782139<0 100.505> 393 368 284 100 0.736398 -0.676549<0 101.048> 547 845 519 796 0.880471 -0.4741<0 72.4018> 988 232 1033 198 0.597824 0.801627<0 73.247 -816.22 -753.45>
LayerCount: 2
Fore
Refer: 342 806 N 1 0 0 1 1057 -5 2
Refer: 45 76 N 1 0 0 1 0 0 3
LCarets2: 1 0 
Ligature2: "Unicode Diacritics" L commasubcomb
EndChar
