StartChar: Mdotaccent
Encoding: 7744 7744 350
Width: 2109
VWidth: 0
Flags: W
HStem: -20 20<383 431 952 991 1763 1788> 1451 20<361 468 1050 1121 1609 1683> 1824 20<1119 1159>
VStem: -57 56<987 1045> 467 56<568 617>
DStem2: 33 181 77 146 0.61856 0.785738<0 57.3421> 196 823 353 659 0.982788 0.184735<0 124.001> 428 291 254 59 0.541415 -0.840755<0 100.849> 597 176 638 138 0.646685 0.762757<0 57.4887> 740 1337 598 1085 0.644776 -0.764372<0 101.063> 686 69 735 41 0.506422 0.862286<0.670667 73.0616> 785 1305 827 1269 0.642871 0.765974<0 72.4119> 1030 264 887 15 0.659344 -0.751842<0 92.9224> 1337 1348 1156 1125 0.530425 -0.847732<0 93.0374> 1163 202 1209 171 0.557836 0.829951<0 72.9405> 1382 1311 1431 1284 0.479812 0.877371<0 72.767> 1933 1237 1692 1076 0.231503 -0.972834<0 100.834> 1957 207 1996 167 0.715376 0.69874<0 57.2301> 2003 1011 2031 963 0.871576 0.490261<0.871576 73.4302>
LayerCount: 2
Fore
Refer: 326 729 N 1 0 0 1 899 405 2
Refer: 46 77 N 1 0 0 1 0 0 3
LCarets2: 1 0 
Ligature2: "Unicode Diacritics" M dotcomb
EndChar
