StartChar: Obreve
Encoding: 334 334 258
Width: 1497
VWidth: 0
Flags: W
HStem: -45 20<658 782> 1451 20<695 732> 1565 151<677 737> 1824 20<446.5 464.5 949.5 967.5>
DStem2: 4 205 45 167 0.733761 0.679408<4.26668 73.5935> 358 836 354 546 0.9322 -0.361944<0 101.235> 472 320 371 51 0.77364 -0.633625<0 92.3076> 372 1227 400 1178 0.907563 0.419917<4.83582 73.8241> 470 383 515 348 0.68622 0.727394<5.42114 72.8629> 893 1429 877 1140 0.917111 -0.398631<0 100.531> 1143 162 1216 153 0.737154 0.675725<0 47.7307>
LayerCount: 2
Fore
Refer: 325 728 N 1 0 0 1 388 396 2
Refer: 48 79 N 1 0 0 1 0 0 3
LCarets2: 1 0 
Ligature2: "Unicode Diacritics" O brevecomb
EndChar
