StartChar: Ocircumflex
Encoding: 212 212 143
Width: 1497
VWidth: 2065
GlyphClass: 1
Flags: W
HStem: -45 20<658 782> 1451 20<695 732> 1519 20<435.004 454.004 935.004 947.004> 1824 20<679.004 691.004>
DStem2: 4 205 45 167 0.733761 0.679408<4.26668 73.5935> 358 836 354 546 0.9322 -0.361944<0 101.235> 472 320 371 51 0.77364 -0.633625<0 92.3076> 372 1227 400 1178 0.907563 0.419917<4.83582 73.8241> 470 383 515 348 0.68622 0.727394<5.42114 72.8629> 900.804 1616.5 864.396 1589.5 0.675234 -0.737604<0 96.2574> 893 1429 877 1140 0.917111 -0.398631<0 100.531> 1143 162 1216 153 0.737154 0.675725<0 47.7307>
LayerCount: 2
Fore
Refer: 803 -1 N 1 0 0 1 370 396 2
Refer: 48 79 N 1 0 0 1 0 0 3
LCarets2: 1 0 
Ligature2: "Unicode Diacritics" O circumflexcomb
EndChar
