StartChar: Odieresis_gravecomb
Encoding: 65673 -1 756
Width: 1497
VWidth: 2065
Flags: W
HStem: -45 20<658 782> 1451 20<695 732> 1795 20<383 423 1088 1128> 1824 20<738 744>
DStem2: 4 205 45 167 0.733761 0.679408<4.26668 73.5935> 358 836 354 546 0.9322 -0.361944<0 101.235> 472 320 371 51 0.77364 -0.633625<0 92.3076> 372 1227 400 1178 0.907563 0.419917<4.83582 73.8241> 470 383 515 348 0.68622 0.727394<5.42114 72.8629> 591 1740 600 1725 0.812104 0.583512<0 164.791> 893 1429 877 1140 0.917111 -0.398631<0 100.531> 1143 162 1216 153 0.737154 0.675725<0 47.7307>
LayerCount: 2
Fore
Refer: 48 79 N 1 0 0 1 0 0 3
Refer: 326 729 N 1 0 0 1 163 376 2
Refer: 64 96 N 1 0 0 1 534 396 2
Refer: 326 729 N 1 0 0 1 868 376 2
LCarets2: 2 0 0 
Ligature2: "Non-Unicode Diacritics" O dieresiscomb gravecomb
Ligature2: "Non-Unicode Diacritics" Odieresis gravecomb
EndChar
