StartChar: Ohungarumlaut
Encoding: 336 336 260
Width: 1497
VWidth: 2065
Flags: W
HStem: -45 20<658 782> 1451 20<695 732> 1824 20<719 725 1072 1078>
DStem2: 4 205 45 167 0.733761 0.679408<4.26668 73.5935> 358 836 354 546 0.9322 -0.361944<0 101.235> 472 320 371 51 0.77364 -0.633625<0 92.3076> 372 1227 400 1178 0.907563 0.419917<4.83582 73.8241> 470 383 515 348 0.68622 0.727394<5.42114 72.8629> 737 1837 728 1822 0.812104 -0.583512<1.44374 166.235> 893 1429 877 1140 0.917111 -0.398631<0 100.531> 1090 1837 1081 1822 0.812104 -0.583512<1.44374 166.235> 1143 162 1216 153 0.737154 0.675725<0 47.7307>
LayerCount: 2
Fore
Refer: 111 180 N 1 0 0 1 829 396 2
Refer: 111 180 N 1 0 0 1 476 396 2
Refer: 48 79 N 1 0 0 1 0 0 3
LCarets2: 1 0 
Ligature2: "Unicode Diacritics" O doubleacutcomb
EndChar
