StartChar: Oslashacute
Encoding: 510 510 310
Width: 1492
VWidth: 2065
Flags: W
HStem: -45 20<653 777> -20 20<209 221> 1451 20<690 727> 1823 20<662 668>
DStem2: -1 205 40 167 0.733761 0.679408<4.26668 73.5935> 174 40 230 -10 0.633682 0.773594<-20.9116 122.696 409.008 507.185 795.708 1305.7 1589.13 1731.35> 353 836 349 546 0.9322 -0.361944<0 101.235> 367 1227 395 1178 0.907563 0.419917<4.83582 73.8241> 489 303 388 34 0.77364 -0.633625<0 92.3076> 598 716 495 445 0.75483 -0.655921<0 100.007> 680 1836 671 1821 0.812104 -0.583512<1.44374 166.235> 888 1429 872 1140 0.917111 -0.398631<0 100.531> 1130 154 1167 113 0.74056 0.67199<0 72.7669>
LayerCount: 2
Fore
Refer: 111 180 N 1 0 0 1 419 395 2
Refer: 147 216 N 1 0 0 1 0 0 3
LCarets2: 1 0 
Ligature2: "Unicode Diacritics" Oslash acutecomb
EndChar
