StartChar: Otilde
Encoding: 213 213 144
Width: 1497
VWidth: 2065
GlyphClass: 1
Flags: W
HStem: -45 20<658 782> 1451 20<695 732>
DStem2: 4 205 45 167 0.733761 0.679408<4.26668 73.5935> 358 836 354 546 0.9322 -0.361944<0 101.235> 472 320 371 51 0.77364 -0.633625<0 92.3076> 372 1227 400 1178 0.907563 0.419917<4.83582 73.8241> 470 383 515 348 0.68622 0.727394<5.42114 72.8629> 485 1620 528 1605 0.21693 0.976187<0 46.857> 693.673 1822.79 624.668 1666.98 0.815735 -0.578426<33.8386 184.836> 893 1429 877 1140 0.917111 -0.398631<0 100.531> 934 1725 976 1707 0.21693 0.976187<0 46.857> 1143 162 1216 153 0.737154 0.675725<0 47.7307>
LayerCount: 2
Fore
Refer: 329 732 N 1 0 0 1 439 404 2
Refer: 48 79 N 1 0 0 1 0 0 3
LCarets2: 1 0 
Ligature2: "Unicode Diacritics" O tildecomb
EndChar
