StartChar: Pdotaccent
Encoding: 7766 7766 355
Width: 1602
VWidth: 0
HStem: -407 20<487 504> -45 20<934 1000> 1451 20<236 326 1157 1172> 1704 20<813 853>
DStem2: 210 118 253 82 0.636182 0.771539<0 72.4706> 291 733 318 684 0.886098 0.463498<1.21327 73.3553> 460 -381 501 -418 0.679408 0.733761<0.706584 72.9141> 656 1270 461 1056 0.458643 -0.888621<0 100.729> 714 1214 735 1161 0.864285 0.503002<-13.9224 163.223> 1207 1224 1091 959 0.722585 -0.691282<0 99.3698> 1306 225 1350 191 0.606449 0.795122<0 72.8009>
LayerCount: 2
Fore
Refer: 326 729 N 1 0 0 1 593 285 2
Refer: 49 80 N 1 0 0 1 0 0 3
LCarets2: 1 0 
Ligature2: "Unicode Diacritics" P dotcomb
EndChar
