StartChar: Rdotaccent
Encoding: 7768 7768 357
Width: 1670
VWidth: 0
Flags: W
HStem: -20 20<391 442 1371 1406> 1451 20<386 480 1135 1200> 1742 20<850 890>
DStem2: 43 181 87 146 0.61856 0.785738<0 57.3421> 438 291 264 59 0.541415 -0.840755<0 100.849> 443 729 483 689 0.74666 0.665206<3.25815 72.9147> 607 176 648 138 0.646685 0.762757<0 57.4887> 750 1337 608 1085 0.644776 -0.764372<0 101.063> 858 1239 908 1214 0.452692 0.891667<0.342949 72.8972> 965 699 1000 655 0.830971 0.556316<4.60607 707.413> 1313 780 1115 573 0.459487 -0.888184<0 92.8757> 1408 479 1153 346 0.149384 -0.988779<0 93.4147> 1468 1199 1222 1051 0.211149 -0.977454<0 92.7205> 1438 270 1269 38 0.573144 -0.819454<0 93.2518> 1567 140 1598 94 0.819232 0.573462<0 71.6828>
LayerCount: 2
Fore
Refer: 326 729 N 1 0 0 1 630 323 2
Refer: 51 82 N 1 0 0 1 0 0 3
LCarets2: 1 0 
Ligature2: "Unicode Diacritics" R dotcomb
EndChar
