StartChar: T_commasubcomb
Encoding: 538 538 314
AltUni2: 000162.ffffffff.0
Width: 1318
VWidth: 0
Flags: W
HStem: -45 20<774 867> 1451 20<494 587>
DStem2: 0 323 45 289 0.657534 0.753425<3.9726 73 539.55 609.295> 460 437 330 177 0.675322 -0.737523<0 103.964> 590 -426 613 -465 0.860055 0.510202<0 62.7694> 750 841 640 572 0.728982 -0.684532<0 103.951> 642 1088 672 1040 0.886098 0.463498<4.33507 73.3553> 673 314 703 266 0.886098 0.463498<4.33507 73.3553> 1055 1268 960 994 0.767978 -0.640476<0 102.532> 1198 153 1244 119 0.665206 0.74666<5.21304 73.6614> 1298 1155 1343 1121 0.665206 0.74666<4.54784 72.9962>
LayerCount: 2
Fore
Refer: 342 806 N 1 0 0 1 1142 -5 2
Refer: 53 84 N 1 0 0 1 0 0 3
LCarets2: 1 0 
Ligature2: "Unicode Diacritics" T commasubcomb
EndChar
