StartChar: U.hist
Encoding: 65699 -1 782
Width: 1591
VWidth: 2065
Flags: W
HStem: -45 20<868 972> 1451 20<347 451 1091 1157>
DStem2: 63.25 267.583 104.25 228.583 0.74666 0.665206<4.67002 73.6614> 416 729 456 689 0.74666 0.665206<3.25815 72.9147> 514 455.5 554 415.5 0.74666 0.665206<3.25815 72.9147> 657.364 346.533 537.896 83 0.710759 -0.703435<0 100.465> 710.129 1359.26 577.643 1102.02 0.67473 -0.738065<0 100.464> 828.402 1255.6 878.5 1229.32 0.514817 0.8573<3.25822 72.9148> 1343 1334.93 1118 1153 0.319661 -0.947532<0 100.465> 1261.93 114.062 1335.75 105.708 0.736994 0.675899<0 48.7612> 1366.16 689.313 1262.05 419.344 0.750052 -0.661379<0 100.465> 1449.62 1115.49 1479.37 1068.8 0.848408 0.529342<0.524937 74.3253>
LayerCount: 2
Fore
Refer: 55 86 N 1 0 0 1 0 0 3
EndChar
