StartChar: Udieresis.alt
Encoding: 65681 -1 764
Width: 1287
VWidth: 2065
Flags: W
HStem: -20 20<443 502 1013 1058> 1451 20<370 435 1196 1214>
VStem: 856 226<278.546 1213.22>
DStem2: -49 221 -18 175 0.836244 0.548357<0.699155 72.9452> 342 1052 204 798 0.655921 -0.75483<0 101.21> 422 315 284 61 0.655921 -0.75483<0 101.21> 514 1212 557 1178 0.626557 0.779376<0.443174 65.437> 693.5 1814.23 738 1786.7 0.884385 0.466759<0 26.505> 725 169 765 131 0.700209 0.713938<0.878693 72.1352> 759 1600 781 1560 0.884229 0.467054<-11.873 120.372> 972.6 1519.17 1015.33 1505.83 0.368098 0.929787<3.33406 68.4745> 1207 1484 1242 1442 0.759257 0.650791<-73.214 -0.759257> 1209 169 1249 129 0.707107 0.707107<0 73.5391>
LayerCount: 2
Fore
Refer: 345 868 N 1 0 0 1 1320 332 2
Refer: 54 85 N 1 0 0 1 0 0 3
LCarets2: 1 0 
Ligature2: "Non-Unicode Diacritics" U ecomb
MultipleSubs2: "Ae, Oe, Ue" U e
EndChar
