StartChar: Utilde
Encoding: 360 360 280
Width: 1287
VWidth: 17
Flags: W
HStem: -20 20<443 502 1013 1058> 1451 20<370 435 1196 1214>
VStem: 856 226<278.546 1213.22>
DStem2: -49 221 -18 175 0.836244 0.548357<0.699155 72.9452> 342 1052 204 798 0.655921 -0.75483<0 101.21> 422 315 284 61 0.655921 -0.75483<0 101.21> 473 1560 516 1545 0.21693 0.976187<0 46.857> 514 1212 557 1178 0.626557 0.779376<0.443174 65.437> 681.673 1762.79 612.668 1606.98 0.815735 -0.578426<33.8386 184.836> 725 169 765 131 0.700209 0.713938<0.878693 72.1352> 922 1665 964 1647 0.21693 0.976187<0 46.857> 1207 1484 1242 1442 0.759257 0.650791<-73.214 -0.759257> 1209 169 1249 129 0.707107 0.707107<0 73.5391>
LayerCount: 2
Fore
Refer: 329 732 N 1 0 0 1 427 344 2
Refer: 54 85 N 1 0 0 1 0 0 3
LCarets2: 1 0 
Ligature2: "Unicode Diacritics" U tildecomb
EndChar
