StartChar: Wgrave
Encoding: 7808 7808 361
Width: 2139
VWidth: 0
Flags: W
HStem: -45 20<762 836 1533 1605> 1342 129<942 979> 1451 20<361 448 1481 1563> 1824 20<1025 1031>
DStem2: 68 273 106 230 0.765974 0.642871<1.46356 73.1095> 416 729 456 689 0.74666 0.665206<3.25815 72.9147> 671 344 512 101 0.593732 -0.804663<0 101.13> 513 455.5 553 415.5 0.74666 0.665206<3.25815 72.9147> 704 1365 572 1109 0.675254 -0.737585<0 99.6883> 782 1328 834 1306 0.397223 0.917722<-66.2253 0> 878 1740 887 1725 0.812104 0.583512<0 164.791> 1170 1261 1119 1239 0.397223 -0.917722<-72.6096 -0.0684867> 1296 898 1133 658 0.580253 -0.814436<0 100.883> 1206 1337 1245 1295 0.753425 0.657534<1.76712 73> 1406 317 1314 42 0.778577 -0.627549<0 100.947> 1891 1269 1670 1081 0.341116 -0.940021<0 101.337> 1917 712 1810 442 0.743811 -0.66839<0 100.877> 1837 134 1879 96 0.69338 0.720572<1.74025 73.5527> 1975 1126 2005 1078 0.868243 0.496139<2.23263 72.5603>
LayerCount: 2
Fore
Refer: 64 96 N 1 0 0 1 821 396 2
Refer: 56 87 N 1 0 0 1 0 0 3
LCarets2: 1 0 
Ligature2: "Unicode Diacritics" W gravecomb
EndChar
