StartChar: Zacute
Encoding: 377 377 297
Width: 1205
VWidth: 17
Flags: W
HStem: -294 20<483 560> 752 56<321 372> 1056 21<1180.65 1182.82> 1451 20<540.832 633.832> 1824 20<510 516>
DStem2: -140 1 -99 -38 0.74666 0.665206<4.67002 73.6614> 326.458 86.792 197.458 -172.208 0.684634 -0.728887<0 100.464> 337 597 357 544 0.957826 0.287348<3.92709 73.0821> 528 1837 519 1822 0.812104 -0.583512<1.44374 166.235> 951.46 1347.79 811.46 1094.79 0.653145 -0.757232<0 100.139> 818 -143 889 -163 0.83205 0.5547<0 47.9816> 972.46 647.792 842.46 389.792 0.683247 -0.730187<0 99.5663>
LayerCount: 2
Fore
Refer: 111 180 N 1 0 0 1 267 396 2
Refer: 59 90 N 1 0 0 1 0 0 3
LCarets2: 1 0 
Ligature2: "Unicode Diacritics" Z acutecomb
EndChar
