StartChar: adieresis.alt
Encoding: 65676 -1 759
Width: 935
VWidth: 2065
Flags: W
HStem: -20 20<291.5 303 752.5 769> 1051 20<478.5 492>
VStem: 570 203<198.812 779.75>
DStem2: 335.25 258.5 242.25 59.5 0.684532 -0.728983<0 81.406> 368.5 1571.23 413 1543.7 0.884385 0.466759<0 26.505> 509 1046 386 884 0.80987 -0.586609<0 223.848> 434 1357 456 1317 0.884229 0.467054<-11.873 120.372> 500 180 328 -3 0.805406 0.592723<-45.4472 54.4933> 647.597 1276.17 690.333 1262.83 0.368098 0.929787<3.33406 68.4745> 851.5 194.25 889.5 170.25 0.563194 0.826325<1.56956 54.1554>
LayerCount: 2
Fore
Refer: 345 868 N 1 0 0 1 995 89 2
Refer: 65 97 N 1 0 0 1 0 0 2
LCarets2: 1 0 
Ligature2: "Non-Unicode Diacritics" a ecomb
EndChar
