StartChar: aemacron
Encoding: 483 483 309
Width: 1234
VWidth: 0
HStem: -20 20<291.5 303 833 843> 1032 20<989 1015> 1051 20<478.5 492> 1234 148<324 865>
DStem2: 335.25 258.5 242.25 59.5 0.684532 -0.728983<0 81.406> 509 1046 386 884 0.80987 -0.586609<0 223.848> 500 180 603.5 199.906 0.805187 0.593021<-47.7769 110.956> 753 547 759 501 0.929296 0.369336<-13.0141 228.239> 790 983 837 955 0.913812 0.406138<0 31.5773> 1021 1045 844 941 0.369595 -0.929193<17.585 352.143> 1086.67 184.666 1109.67 146.332 0.875441 0.483325<1.6048 73.106>
LayerCount: 2
Fore
Refer: 106 175 N 1 0 0 1 267 30 2
Refer: 161 230 N 1 0 0 1 0 0 3
LCarets2: 1 0 
Ligature2: "Unicode Diacritics" ae macroncomb
EndChar
