StartChar: amacron
Encoding: 257 257 188
Width: 935
VWidth: 0
HStem: -20 20<291.5 303 752.5 769> 1051 20<478.5 492> 1204 148<209 750>
VStem: 570 203<198.812 779.75>
DStem2: 335.25 258.5 242.25 59.5 0.684532 -0.728983<0 81.406> 509 1046 386 884 0.80987 -0.586609<0 223.848> 500 180 328 -3 0.805406 0.592723<-45.4472 54.4933> 851.5 194.25 889.5 170.25 0.563194 0.826325<1.56956 54.1554>
LayerCount: 2
Fore
Refer: 106 175 N 1 0 0 1 152 0 2
Refer: 65 97 N 1 0 0 1 0 0 3
LCarets2: 1 0 
Ligature2: "Unicode Diacritics" a macroncomb
EndChar
