StartChar: aring
Encoding: 229 229 160
Width: 935
VWidth: 2065
GlyphClass: 1
Flags: W
HStem: -20 20<291.5 303 752.5 769> 1051 20<478.5 492>
VStem: 570 203<198.812 779.75>
DStem2: 335.25 258.5 242.25 59.5 0.684532 -0.728983<0 81.406> 358 1592 403 1565 0.884569 0.466409<0 27.2126> 509 1046 386 884 0.80987 -0.586609<0 223.848> 500 180 328 -3 0.805406 0.592723<-45.4472 54.4933> 549 1232 594 1205 0.884569 0.466409<0 27.2126> 851.5 194.25 889.5 170.25 0.563194 0.826325<1.56956 54.1554>
LayerCount: 2
Fore
Refer: 327 730 N 1 0 0 1 190 112 2
Refer: 65 97 N 1 0 0 1 0 0 3
LCarets2: 1 0 
Ligature2: "Unicode Diacritics" a ringcomb
EndChar
