StartChar: arrowsoutheast
Encoding: 8600 8600 443
Width: 1821
VWidth: 0
Flags: W
DStem2: 1378 124 1483 229 0.707107 -0.707107<-1814.26 15.422>
LayerCount: 2
Fore
Refer: 441 8598 N -1 0 0 -1 1821 1456 2
EndChar
