StartChar: arrowsouthwest
Encoding: 8601 8601 444
Width: 1821
VWidth: 0
Flags: W
DStem2: 1715 1396 1610 1500 0.707107 0.707107<-1814.3 15.3785>
LayerCount: 2
Fore
Refer: 442 8599 N -1 0 0 -1 1821 1456 2
EndChar
