StartChar: bdotaccent
Encoding: 7683 7683 347
Width: 935
VWidth: 0
HStem: -20 21<443 456.5> 1051 20<636.554 649> 1403 45<465.65 604.991> 1749 20<274 314>
VStem: 162 203<271.357 852.188 894.372 1219>
DStem2: 71.8682 1364.58 34.5693 1337.56 0.58672 -0.80979<0 167.01> 362 301 239 139 0.80987 -0.586609<0 223.848> 380 887 376 828 0.805502 0.592594<0 80.2761> 693.5 991.5 600.5 792.5 0.684532 -0.728983<0 81.406>
LayerCount: 2
Fore
Refer: 326 729 N 1 0 0 1 54 330 2
Refer: 66 98 N 1 0 0 1 0 0 3
LCarets2: 1 0 
Ligature2: "Unicode Diacritics" b dotcomb
EndChar
