StartChar: cacute
Encoding: 263 263 194
Width: 762
VWidth: 17
HStem: -20 20<361 370> 1032 20<517 543> 1451 20<400 406>
DStem2: 318 983 365 955 0.913812 0.406138<0 31.5773> 549 1045 372 941 0.369534 -0.929217<17.5987 288.615> 418 1464 409 1449 0.812104 -0.583512<1.44374 166.235> 614.668 184.666 637.665 146.332 0.875441 0.483325<1.6048 73.106>
LayerCount: 2
Fore
Refer: 111 180 N 1 0 0 1 157 23 2
Refer: 67 99 N 1 0 0 1 0 0 3
LCarets2: 1 0 
Ligature2: "Unicode Diacritics" c acutecomb
EndChar
