StartChar: ccaron
Encoding: 269 269 200
Width: 762
VWidth: 17
HStem: -20 20<361 370> 1032 20<517 543> 1145 20<365 377> 1450 20<121 140 621 633>
DStem2: 318 983 365 955 0.913812 0.406138<0 31.5773> 549 1045 372 941 0.369534 -0.929217<17.5987 288.615> 614.668 184.666 637.665 146.332 0.875441 0.483325<1.6048 73.106> 651.796 1443.5 619.05 1474.5 0.675233 0.737604<-96.2576 0>
LayerCount: 2
Fore
Refer: 324 711 N 1 0 0 1 56 22 2
Refer: 67 99 N 1 0 0 1 0 0 3
LCarets2: 1 0 
Ligature2: "Unicode Diacritics" c caroncomb
EndChar
