StartChar: ccircumflex
Encoding: 265 265 196
Width: 762
VWidth: 2065
HStem: -20 20<361 370> 1032 20<517 543> 1146 20<162.004 181.004 662.004 674.004> 1451 20<406.004 418.004>
DStem2: 318 983 365 955 0.913812 0.406138<0 31.5773> 549 1045 372 941 0.369534 -0.929217<17.5987 288.615> 627.804 1243.5 591.396 1216.5 0.675234 -0.737604<0 96.2574> 614.668 184.666 637.665 146.332 0.875441 0.483325<1.6048 73.106>
LayerCount: 2
Fore
Refer: 803 -1 N 1 0 0 1 97 23 2
Refer: 67 99 N 1 0 0 1 0 0 3
LCarets2: 1 0 
Ligature2: "Unicode Diacritics" c circumflexcomb
EndChar
