StartChar: cedillacomb
Encoding: 807 807 343
Width: 0
VWidth: 2065
Flags: W
HStem: -407 49<-599.545 -475.934>
DStem2: -539 -180 -496 -193 0.223088 0.974798<0 203.117>
LayerCount: 2
Fore
Refer: 115 184 N 1 0 0 1 -650 0 2
EndChar
