StartChar: commaturnedabovecomb
Encoding: 786 786 341
Width: 0
VWidth: 1000
GlyphClass: 1
Flags: W
DStem2: -451 1442 -474 1481 0.860055 0.510202<-62.7694 0>
LayerCount: 2
Fore
Refer: 342 806 N -1 0 0 -1 -1003 1021 3
EndChar
