StartChar: copyright
Encoding: 169 169 102
Width: 1538
VWidth: 2065
GlyphClass: 1
Flags: MW
HStem: -36 45<702 835> 1418 45<702 835>
VStem: 68 45<628 797> 1425 45<628 797>
DStem2: 634 1171 681 1143 0.913812 0.406138<0 31.5773> 870 1220 706 1090 0.410706 -0.911768<0 51.174> 978 376 1001 337 0.871576 0.490261<0.926049 72.94> 1012 1029 1044 996 0.716726 0.697355<0 48.718>
LayerCount: 2
Fore
Refer: 807 -1 N 1 0 0 1 316 188 2
Refer: 806 -1 N 1 0 0 1 0 0 3
EndChar
