StartChar: degree
Encoding: 176 176 107
Width: 572
VWidth: 2036
GlyphClass: 1
Flags: MW
HStem: 1445 20<261 311>
DStem2: 168 1433 213 1406 0.884569 0.466409<0 27.2126> 359 1073 404 1046 0.884569 0.466409<0 27.2126>
LayerCount: 2
Fore
Refer: 327 730 N 1 0 0 1 0 -47 3
EndChar
