StartChar: e_t
Encoding: 65702 -1 785
Width: 568
VWidth: 2065
Flags: W
HStem: -20 20<327.333 337.333> 1051 21<169.333 181.333>
DStem2: 16.3333 837 54.3333 812 0.550313 0.834958<0.0379524 51.9002> 237 307 122.177 140.312 0.820084 -0.572243<1.22107 213.741> 198 1047 195.355 828.686 0.931878 -0.362771<0 76.7338> 424.5 190 457.5 162 0.655353 0.755322<0.477631 90.0276>
LayerCount: 2
Fore
Refer: 448 42843 N 1 0 0 1 0 0 2
LCarets2: 1 0 
Ligature2: "et to rrot" e t
EndChar
