StartChar: ecircumflex
Encoding: 234 234 165
Width: 762
VWidth: 2065
GlyphClass: 1
Flags: W
HStem: -20 20<361 371> 1032 20<517 543> 1145 20<162.004 181.004 662.004 674.004> 1450 20<406.004 418.004>
DStem2: 281 547 287 501 0.929296 0.369336<-13.0141 228.239> 318 983 365 955 0.913812 0.406138<0 31.5773> 549 1045 372 941 0.369595 -0.929193<17.585 352.143> 627.804 1242.5 591.396 1215.5 0.675234 -0.737604<0 96.2574> 614.668 184.666 637.665 146.332 0.875441 0.483325<1.6048 73.106>
LayerCount: 2
Fore
Refer: 803 -1 N 1 0 0 1 97 22 2
Refer: 69 101 N 1 0 0 1 0 0 3
LCarets2: 1 0 
Ligature2: "Unicode Diacritics" e circumflexcomb
EndChar
