StartChar: ellipsis
Encoding: 8230 8230 401
Width: 1266
VWidth: 2065
GlyphClass: 1
Flags: MW
HStem: -20 318<240 264 651 675 1062 1086>
VStem: 93 318<127 151> 504 318<127 151> 915 318<127 151>
DStem2: 115 139 252 2 0.707107 0.707107<0 193.747> 526 139 663 2 0.707107 0.707107<0 193.747> 937 139 1074 2 0.707107 0.707107<0 193.747>
LayerCount: 2
Fore
Refer: 15 46 N 1 0 0 1 822 0 2
Refer: 15 46 N 1 0 0 1 411 0 2
Refer: 15 46 N 1 0 0 1 0 0 2
EndChar
