StartChar: emacron
Encoding: 275 275 204
Width: 762
VWidth: 0
HStem: -20 20<361 371> 1032 20<517 543> 1234 148<104 645>
DStem2: 281 547 287 501 0.929296 0.369336<-13.0141 228.239> 318 983 365 955 0.913812 0.406138<0 31.5773> 549 1045 372 941 0.369595 -0.929193<17.585 352.143> 614.668 184.666 637.665 146.332 0.875441 0.483325<1.6048 73.106>
LayerCount: 2
Fore
Refer: 106 175 N 1 0 0 1 47 30 2
Refer: 69 101 N 1 0 0 1 0 0 3
LCarets2: 1 0 
Ligature2: "Unicode Diacritics" e macroncomb
EndChar
