StartChar: etilde
Encoding: 7869 7869 370
Width: 762
VWidth: 2065
HStem: -20 20<361 371> 1032 20<517 543>
DStem2: 125 1242 168 1227 0.21693 0.976187<0 46.857> 333.673 1444.79 264.668 1288.98 0.815735 -0.578426<33.8386 184.836> 281 547 287 501 0.929296 0.369336<-13.0141 228.239> 318 983 365 955 0.913812 0.406138<0 31.5773> 549 1045 372 941 0.369595 -0.929193<17.585 352.143> 574 1347 616 1329 0.21693 0.976187<0 46.857> 614.668 184.666 637.665 146.332 0.875441 0.483325<1.6048 73.106>
LayerCount: 2
Fore
Refer: 329 732 N 1 0 0 1 79 26 2
Refer: 69 101 N 1 0 0 1 0 0 3
LCarets2: 1 0 
Ligature2: "Unicode Diacritics" e tildecomb
EndChar
