StartChar: f_f_i
Encoding: 65639 -1 722
Width: 1493
VWidth: 2065
GlyphClass: 2
Flags: W
HStem: -407 20<258 274 740 756> -20 20<1311 1325> 849 44<7.5 71.9045> 849 109<387.005 611.258 869.005 1121.38> 1051 20<1179.5 1188.5> 1419 20<1252 1281> 1428 20<299 333 605 615 781 815 1087 1097>
VStem: 145 242<707 849> 159 45<1155 1230> 627 242<707 849> 641 45<1155 1230> 1128 203<195.546 843.352>
DStem2: 479 1383 284 1258 0.875795 -0.482683<-110.445 0> 568 1380.5 609 1363 0.351123 0.936329<0 66.3623> 961 1383 766 1258 0.875795 -0.482683<-110.445 0> 1050 1380.5 1091 1363 0.351123 0.936329<0 66.3623> 1244 1006 1126.5 799 0.707107 -0.707107<0 63.286> 1409 195 1447 170 0.563337 0.826227<0.751116 53.2541>
LayerCount: 2
Fore
Refer: 799 -1 N 1 0 0 1 989 0 2
Refer: 721 -1 N 1 0 0 1 0 0 2
LCarets2: 4 0 0 0 0 
Ligature2: "Standard Ligatures" f f i
Ligature2: "ZWJ" f ZWJ f ZWJ i
EndChar
