StartChar: f_j
Encoding: 65632 -1 715
Width: 968
VWidth: 2065
GlyphClass: 2
Flags: W
HStem: -407 20<258 274> 849 45<7.5 71.9045> 849 109<387.005 639.375> 1051 20<697.5 706.5> 1419 20<769 798> 1428 20<299 333 605 615>
VStem: 145 242<707 849> 159 45<1155 1230> 646 203<-156.863 843.352>
DStem2: 479 1383 284 1258 0.875795 -0.482683<-110.445 0> 420 -355 427 -399 0.987441 0.157991<0 49.451> 568 1380.5 609 1363 0.351123 0.936329<0 66.3623> 762 1006 644.5 799 0.707107 -0.707107<0 63.286> 874.307 -136.73 837.007 -163.75 0.58672 -0.80979<0 167.014>
LayerCount: 2
Fore
Refer: 799 -1 N 1 0 0 1 506 0 2
Refer: 714 -1 N 1 0 0 1 0 0 2
LCarets2: 2 0 0 
Ligature2: "ZWJ" f ZWJ j
Ligature2: "Standard Ligatures" f j
EndChar
