StartChar: four.inferior
Encoding: 8324 8324 414
Width: 608
VWidth: 254
Flags: W
HStem: -399 45<175.01 262.897 428.103 515.99> -191 94<132.006 270 421 532> 300 20<331 413>
VStem: 270 151<-353.354 -191 -97 99.99>
DStem2: 55 -118 136 -73 0.52014 0.854081<67.5422 290.5>
LayerCount: 2
Fore
Refer: 409 8308 N 1 0 0 1 0 -1138 3
EndChar
