StartChar: gcaron
Encoding: 487 487 811
Width: 957
VWidth: 2065
Flags: W
HStem: -386 20<362 447> -20 21<286.25 298.75> 1051 20<476 488> 1146 20<481 493> 1451 20<237 256 737 749>
DStem2: 334 259 242 61 0.700932 -0.713229<0 76.7336> 524.673 -326.682 539.328 -369.337 0.946855 0.32166<0.155938 58.085> 574 235 328 -3 0.805133 0.593094<-139.98 -0.161476> 769 347 580.594 271.946 0.364022 -0.93139<1.32021 213.489> 570 986 585 742 0.862483 -0.506085<0 136.422> 767.796 1444.5 735.05 1475.5 0.675233 0.737604<-96.2576 0>
LayerCount: 2
Fore
Refer: 324 711 N 1 0 0 1 172 23 2
Refer: 71 103 N 1 0 0 1 0 0 3
LCarets2: 1 0 
Ligature2: "Unicode Diacritics" g caroncomb
EndChar
