StartChar: hcircumflex
Encoding: 293 293 221
Width: 978
VWidth: 2065
HStem: -20 20<361.5 373.25> 1403 45<474.509 605.991> 1519 20<51.0039 70.0039 551.004 563.004> 1824 20<295.004 307.004>
VStem: 162 203<197.688 1219.56>
DStem2: 71.5 1366.5 35.5 1337.5 0.587645 -0.809119<2.30924 169.32> 223.021 -359.351 251.338 -394.332 0.78968 0.613519<0.899118 102.15> 385 891 434 872 0.804781 0.593572<-13.6681 74.9181> 460.663 189.338 494 161.67 0.652045 0.75818<0.759884 90.9997> 516.804 1616.5 480.396 1589.5 0.675234 -0.737604<0 96.2574> 693 991 601 793 0.700932 -0.713229<0 76.7336>
LayerCount: 2
Fore
Refer: 803 -1 N 1 0 0 1 -14 396 2
Refer: 72 104 N 1 0 0 1 0 0 3
LCarets2: 1 0 
Ligature2: "Unicode Diacritics" h circumflexcomb
EndChar
