StartChar: hungarumlaut
Encoding: 733 733 330
Width: 746
VWidth: 2065
Flags: MW
HStem: 1428 20<243 249 535 541>
DStem2: 261 1441 252 1426 0.812104 -0.583512<1.44374 166.235> 553 1441 544 1426 0.812104 -0.583512<1.44374 166.235>
LayerCount: 2
Fore
Refer: 111 180 N 1 0 0 1 292 0 2
Refer: 111 180 N 1 0 0 1 0 0 2
EndChar
