StartChar: ij
Encoding: 307 307 235
Width: 967
VWidth: 17
Flags: W
HStem: -386 45<360.009 500.64> -20 20<350.5 362.5> 1051 20<170 182 697 707> 1419 20<283 323 721 761>
VStem: 163 203<183.443 855.454> 601 203<-156.863 184.995 218.188 844.372>
DStem2: 16.9092 837.272 54 811.909 0.563826 0.825893<0 52.5967> 503 167 578 176 0.730567 0.682841<-35.3767 78.611> 833 -141 795.701 -168.02 0.58672 -0.80979<0 167.015>
LayerCount: 2
Fore
Refer: 326 729 N 1 0 0 1 501 0 2
Refer: 326 729 N 1 0 0 1 63 0 2
Refer: 800 -1 N 1 0 0 1 0 0 2
Ligature2: "IJ Ligatures for Dutch" i j
LCarets2: 2 0 0 
Ligature2: "ZWJ" i ZWJ j
EndChar
