StartChar: itilde
Encoding: 297 297 225
Width: 527
VWidth: 17
HStem: -20 20<345 359> 1051 20<213.5 222.5>
VStem: 162 203<195.546 843.352>
DStem2: -14 1246 29 1231 0.21693 0.976187<0 46.857> 46 832 103 836 0.56311 0.826382<-17.2195 47.8282> 194.673 1448.79 125.668 1292.98 0.815735 -0.578426<33.8386 184.836> 278 1006 160.5 799 0.707107 -0.707107<0 63.286> 435 1351 477 1333 0.21693 0.976187<0 46.857> 443 195 481 170 0.563337 0.826227<0.751116 53.2541>
LayerCount: 2
Fore
Refer: 329 732 N 1 0 0 1 -60 30 2
Refer: 233 305 N 1 0 0 1 0 0 3
LCarets2: 1 0 
Ligature2: "Unicode Diacritics" i tildecomb
EndChar
