StartChar: j.hist
Encoding: 65697 -1 780
Width: 527
VWidth: 2065
Flags: W
HStem: -20 20<345 359> 1051 20<213.5 222.5> 1419 20<282 322>
VStem: 162 203<195.546 843.352>
DStem2: 46 832 103 836 0.56311 0.826382<-17.2195 47.8282> 278 1006 160.5 799 0.707107 -0.707107<0 63.286> 443 195 481 170 0.563337 0.826227<0.751116 53.2541>
LayerCount: 2
Fore
Refer: 73 105 N 1 0 0 1 0 0 3
EndChar
