StartChar: jcircumflex
Encoding: 309 309 237
Width: 527
VWidth: 17
HStem: -386 45<-78.9907 56.5898> 1051 20<213.5 222.5> 1145 20<11 23 504 523> 1450 20<267 279>
VStem: 162 203<-156.863 843.352>
DStem2: -7.796 1171.5 24.9504 1140.5 0.675233 0.737604<0 96.2576> 46 832 103 836 0.56311 0.826382<-17.2195 47.8282> 278 1006 160.5 799 0.707107 -0.707107<0 63.286> 390.307 -136.73 353.007 -163.75 0.58672 -0.80979<0 167.014>
LayerCount: 2
Fore
Refer: 323 710 N 1 0 0 1 -54 22 2
Refer: 320 567 N 1 0 0 1 0 0 3
LCarets2: 1 0 
Ligature2: "Unicode Diacritics" j circumflexcomb
EndChar
