StartChar: kcommaaccent.modern
Encoding: 65567 -1 650
Width: 935
VWidth: 2065
Flags: W
HStem: -20 20<256 271 734 755> 1051 20<666 681> 1403 45<470.41 605.991>
VStem: 162 203<206.628 837.875 869.003 1218.86>
DStem2: 74.8682 1364.58 37.5693 1337.56 0.58672 -0.80979<0 167.015> 383 874 424 848 0.818806 0.574071<-12.9637 111.008> 419 492 437 451 0.913009 0.40794<0 51.1868> 428 -373 451 -412 0.860055 0.510202<0 62.7694> 706 521 555 375 0.494887 -0.868957<0 52.1398> 764 340 566 271 0.0813149 -0.996688<0 52.6712> 740 1006 625 820 0.610748 -0.791825<0 77.0433> 795 206 652 52 0.539582 -0.841933<0 52.4976> 866 156 899 125 0.707107 0.707107<1.41421 52.3259>
LayerCount: 2
Fore
Refer: 342 806 N 1 0 0 1 980 48 2
Refer: 649 -1 N 1 0 0 1 0 0 3
EndChar
