StartChar: l_dotcomb
Encoding: 65665 -1 748
Width: 568
VWidth: 2065
Flags: W
HStem: -20 20<361.5 373.25> 1403 45<474.509 605.991> 1749 20<274 314>
VStem: 162 203<197.688 1219.56>
DStem2: 71.5 1366.5 35.5 1337.5 0.587645 -0.809119<2.30924 169.32> 460.663 189.338 494 161.67 0.652045 0.75818<0.759884 90.9997>
LayerCount: 2
Fore
Refer: 326 729 N 1 0 0 1 54 330 2
Refer: 76 108 N 1 0 0 1 0 0 3
LCarets2: 1 0 
Ligature2: "Non-Unicode Diacritics" l dotcomb
EndChar
