StartChar: lacute
Encoding: 314 314 242
Width: 568
VWidth: 17
Flags: W
HStem: -20 20<361.5 373.25> 1403 45<474.509 605.991> 1824 20<343 349>
VStem: 162 203<197.688 1219.56>
DStem2: 71.5 1366.5 35.5 1337.5 0.587645 -0.809119<2.30924 169.32> 361 1837 352 1822 0.812104 -0.583512<1.44374 166.235> 460.663 189.338 494 161.67 0.652045 0.75818<0.759884 90.9997>
LayerCount: 2
Fore
Refer: 111 180 N 1 0 0 1 100 396 2
Refer: 76 108 N 1 0 0 1 0 0 3
EndChar
