StartChar: ldot
Encoding: 320 320 247
Width: 589
VWidth: 0
Flags: W
HStem: -20 20<361.5 373.25> 402 318<546 570> 1403 45<474.509 605.991>
VStem: 162 203<197.688 1219.56> 399 318<549 573>
DStem2: 71.5 1366.5 35.5 1337.5 0.587645 -0.809119<2.30924 169.32> 421 561 558 424 0.707107 0.707107<0 193.747> 460.663 189.338 494 161.67 0.652045 0.75818<0.759884 90.9997>
LayerCount: 2
Fore
Refer: 15 46 N 1 0 0 1 306 422 2
Refer: 76 108 N 1 0 0 1 0 0 2
EndChar
