StartChar: longs_odieresis
Encoding: 65653 -1 736
Width: 1423
VWidth: 0
HStem: -407 20<258 274> -20 21<928.823 940.719> 849 45<7.5 71.9045> 1051 20<1136.86 1146.58> 1419 20<779 808 1149 1178> 1428 20<299 333 605 615>
VStem: 145 242<707 849> 159 45<1155 1230> 646 203<270.75 920.849>
DStem2: 479 1383 284 1258 0.875795 -0.482683<-110.445 0> 568 1380.5 609 1363 0.351123 0.936329<0 66.3623> 846 301 726 136.5 0.810562 -0.585653<0 223.608> 836.352 952.657 851.008 910.004 0.965442 0.260617<3.03357 125.311> 1063 181.5 1089.5 146.5 0.815651 0.578544<1.36574 52.7186> 1192.5 936.5 1063.5 762.5 0.541948 -0.840412<0 76.3204>
LayerCount: 2
Fore
Refer: 799 -1 N 1 0 0 1 516 0 2
Refer: 799 -1 N 1 0 0 1 886 0 2
Refer: 79 111 N 1 0 0 1 484 0 2
Refer: 303 383 N 1 0 0 1 0 0 2
MultipleSubs2: "No long s" s.noswash odieresis
Ligature2: "Standard Ligatures" s.long odieresis
LCarets2: 1 0 
Ligature2: "Standard Ligatures" longs odieresis
EndChar
