StartChar: m_macroncomb
Encoding: 65661 -1 744
Width: 1369
VWidth: 2065
GlyphClass: 2
Flags: W
HStem: -20 21<257.916 268.416 678.916 689.416 1186.92 1201.42> 1051 20<166.916 181.416 585.666 597.666 1005.17 1012.17> 1234 148<161 1207>
VStem: 162 203<206.869 849.5> 583 203<211.074 849.172> 1004 203<195.546 838.761>
DStem2: 45.666 881 82.666 856 0.550313 0.834958<-52.4126 -0.512362> 370.666 875 372.666 815 0.730567 0.682841<-8.48391 96.3148> 791.666 875 793.666 815 0.73033 0.683095<-8.48306 89.5717> 1033 1047 801 979 0.751626 -0.65959<0 131.243> 1285.67 195 1322.67 170 0.550313 0.834958<0 51.9002>
CounterMasks: 1 1c
LayerCount: 2
Fore
Refer: 828 -1 N 1 0 0 1 0 0 2
Refer: 77 109 N 1 0 0 1 0 0 3
Ligature2: "Double m/n to m/n with macron" m m
LCarets2: 2 0 0 
Ligature2: "Non-Unicode Diacritics" m macroncomb
Ligature2: "ZWJ" m ZWJ m
EndChar
