StartChar: n_macroncomb
Encoding: 65662 -1 745
Width: 965
VWidth: 2065
GlyphClass: 2
Flags: W
HStem: -20 20<259.651 267.651 785.32 796.32> 1051 20<169 180 599.349 610.349> 1234 148<161 803>
VStem: 162 203<206.628 833.938> 600 203<195.546 838.865>
DStem2: 15 837 53 812 0.563337 0.826227<0.751116 53.2541> 589 1063 382 808 0.731172 0.682194<-298.926 -185.21> 630.5 1046.5 594.5 807.5 0.752802 -0.658247<0 130.22> 882 195 920 170 0.563337 0.826227<0.751116 53.2541>
LayerCount: 2
Fore
Refer: 829 -1 N 1 0 0 1 0 0 2
Refer: 78 110 N 1 0 0 1 0 0 3
Ligature2: "Double m/n to m/n with macron" n n
LCarets2: 2 0 0 
Ligature2: "ZWJ" n ZWJ n
Ligature2: "Non-Unicode Diacritics" n macroncomb
EndChar
