StartChar: nacute
Encoding: 324 324 251
Width: 965
VWidth: 17
HStem: -20 20<259.651 267.651 785.32 796.32> 1051 20<169 180 599.349 610.349> 1451 20<536 542>
VStem: 162 203<206.628 833.938> 600 203<195.546 838.865>
DStem2: 15 837 53 812 0.563337 0.826227<0.751116 53.2541> 554 1464 545 1449 0.812104 -0.583512<1.44374 166.235> 589 1063 382 808 0.731172 0.682194<-298.926 -185.21> 630.5 1046.5 594.5 807.5 0.752802 -0.658247<0 130.22> 882 195 920 170 0.563337 0.826227<0.751116 53.2541>
LayerCount: 2
Fore
Refer: 111 180 N 1 0 0 1 293 23 2
Refer: 78 110 N 1 0 0 1 0 0 3
LCarets2: 1 0 
Ligature2: "Unicode Diacritics" n acutecomb
EndChar
