StartChar: ntilde
Encoding: 241 241 172
Width: 965
VWidth: 2065
GlyphClass: 1
Flags: W
HStem: -20 20<259.651 267.651 785.32 796.32> 1051 20<169 180 599.349 610.349>
VStem: 162 203<206.628 833.938> 600 203<195.546 838.865>
DStem2: 15 837 53 812 0.563337 0.826227<0.751116 53.2541> 190 1242 233 1227 0.21693 0.976187<0 46.857> 398.673 1444.79 329.668 1288.98 0.815735 -0.578426<33.8386 184.836> 589 1063 382 808 0.731172 0.682194<-298.926 -185.21> 630.5 1046.5 594.5 807.5 0.752802 -0.658247<0 130.22> 639 1347 681 1329 0.21693 0.976187<0 46.857> 882 195 920 170 0.563337 0.826227<0.751116 53.2541>
LayerCount: 2
Fore
Refer: 329 732 N 1 0 0 1 144 26 2
Refer: 78 110 N 1 0 0 1 0 0 3
LCarets2: 1 0 
Ligature2: "Unicode Diacritics" n tildecomb
EndChar
