StartChar: ocircumflex
Encoding: 244 244 175
Width: 939
VWidth: 2065
GlyphClass: 1
Flags: W
HStem: -20 21<444.823 456.719> 1051 20<652.859 662.578> 1146 20<171.004 190.004 671.004 683.004> 1451 20<415.004 427.004>
VStem: 162 203<270.75 920.849>
DStem2: 362 301 242 136.5 0.810562 -0.585653<0 223.608> 352.352 952.657 367.008 910.004 0.965442 0.260617<3.03357 125.311> 579 181.5 605.5 146.5 0.815651 0.578544<1.36574 52.7186> 708.5 936.5 579.5 762.5 0.541948 -0.840412<0 76.3204> 636.804 1243.5 600.396 1216.5 0.675234 -0.737604<0 96.2574>
LayerCount: 2
Fore
Refer: 803 -1 N 1 0 0 1 106 23 2
Refer: 79 111 N 1 0 0 1 0 0 3
LCarets2: 1 0 
Ligature2: "Unicode Diacritics" o circumflexcomb
EndChar
