StartChar: odieresis_gravecomb
Encoding: 65672 -1 755
Width: 939
VWidth: 2064
Flags: W
HStem: -20 21<444.823 456.719> 1051 20<652.859 662.578> 1389 20<292 332 662 702> 1808 20<379 385>
VStem: 162 203<270.75 920.849>
DStem2: 362 301 242 136.5 0.810562 -0.585653<0 223.608> 257 1690 269 1678 0.647823 0.761791<0 164.583> 352.352 952.657 367.008 910.004 0.965442 0.260617<3.03357 125.311> 579 181.5 605.5 146.5 0.815651 0.578544<1.36574 52.7186> 708.5 936.5 579.5 762.5 0.541948 -0.840412<0 76.3204>
LayerCount: 2
Fore
Refer: 804 -1 N 1 0 0 1 221 380 2
Refer: 101 168 N 1 0 0 1 72 -30 2
Refer: 79 111 N 1 0 0 1 0 0 3
LCarets2: 2 0 0 
Ligature2: "Non-Unicode Diacritics" odieresis gravecomb
Ligature2: "Non-Unicode Diacritics" o dieresiscomb gravecomb
EndChar
