StartChar: one.inferior
Encoding: 8321 8321 411
Width: 559
VWidth: -1138
HStem: -399 45<105.01 204.601 386.399 485.99> 313 20<351.75 371.25>
VStem: 220 151<-349.935 131.99>
DStem2: 80 122 111 89 0.778667 0.627438<-19.7266 91.3147>
LayerCount: 2
Fore
Refer: 116 185 N 1 0 0 1 0 -1138 3
EndChar
