StartChar: onehalf
Encoding: 189 189 120
Width: 1295
VWidth: 1394
GlyphClass: 1
Flags: W
HStem: -401 147<989.01 1202.55> -399 21<150 242> 278 45<970.418 1063.87> 739 45<105.01 204.601 386.399 485.99> 1428 20<1103.5 1195.5> 1451 20<351.75 371.25>
VStem: 220 151<788.065 1269.99>
DStem2: 80 1260 111 1227 0.778667 0.627438<-19.7266 91.3147> 145 -375 268 -375 0.460389 0.887717<6.48359 2076.88> 1199 -246 1243 -263 0.0882618 0.996097<0 66.2594>
LayerCount: 2
Fore
Refer: 407 8260 N 1 0 0 1 111 0 2
Refer: 412 8322 N 1 0 0 1 741 0 2
Refer: 116 185 N 1 0 0 1 0 0 2
EndChar
