StartChar: onequarter
Encoding: 188 188 119
Width: 1298
VWidth: 1394
GlyphClass: 1
Flags: W
HStem: -399 21<150 242> -399 45<865.01 952.897 1118.1 1205.99> -191 94<822.006 960 1111 1222> 300 20<1021 1103> 739 45<105.01 204.601 386.399 485.99> 1428 20<1103.5 1195.5> 1451 20<351.75 371.25>
VStem: 220 151<788.065 1269.99> 960 151<-353.354 -191 -97 99.99>
DStem2: 80 1260 111 1227 0.778667 0.627438<-19.7266 91.3147> 145 -375 268 -375 0.460389 0.887717<6.48359 2076.88> 745 -118 826 -73 0.52014 0.854081<67.5422 290.5>
LayerCount: 2
Fore
Refer: 116 185 N 1 0 0 1 0 0 2
Refer: 407 8260 N 1 0 0 1 111 0 2
Refer: 414 8324 N 1 0 0 1 690 0 2
EndChar
