StartChar: onethird
Encoding: 8531 8531 417
Width: 1319
VWidth: 1394
Flags: W
HStem: -421 45<994 1025> -399 21<150 242> 278 45<981 1012> 739 45<105.01 204.601 386.399 485.99> 1428 20<1103.5 1195.5> 1451 20<351.75 371.25>
VStem: 220 151<788.065 1269.99>
DStem2: 80 1260 111 1227 0.778667 0.627438<-19.7266 91.3147> 145 -375 268 -375 0.460389 0.887717<6.48359 2076.88> 909 -22 924 -64 0.937045 0.349209<0 53.8153>
LayerCount: 2
Fore
Refer: 413 8323 N 1 0 0 1 720 0 2
Refer: 116 185 N 1 0 0 1 0 0 2
Refer: 407 8260 N 1 0 0 1 111 0 2
EndChar
