StartChar: otilde
Encoding: 245 245 176
Width: 939
VWidth: 2065
GlyphClass: 1
Flags: W
HStem: -20 21<444.823 456.719> 1051 20<652.859 662.578>
VStem: 162 203<270.75 920.849>
DStem2: 176 1241 219 1226 0.21693 0.976187<0 46.857> 362 301 242 136.5 0.810562 -0.585653<0 223.608> 384.673 1443.79 315.668 1287.98 0.815735 -0.578426<33.8386 184.836> 352.352 952.657 367.008 910.004 0.965442 0.260617<3.03357 125.311> 579 181.5 605.5 146.5 0.815651 0.578544<1.36574 52.7186> 708.5 936.5 579.5 762.5 0.541948 -0.840412<0 76.3204> 625 1346 667 1328 0.21693 0.976187<0 46.857>
LayerCount: 2
Fore
Refer: 329 732 N 1 0 0 1 130 25 2
Refer: 79 111 N 1 0 0 1 0 0 3
LCarets2: 1 0 
Ligature2: "Unicode Diacritics" o tildecomb
EndChar
