StartChar: pacute
Encoding: 7765 7765 354
Width: 975
VWidth: 0
Flags: W
HStem: -407 21<297.75 309.25> -20 20<486.25 498.25> 1051 20<676.5 689> 1451 20<599 605>
VStem: 203 203<320.832 853.781>
DStem2: 8 100.672 49.001 82.6719 0.396254 0.918141<0 55.2822> 255 1071 178 875 0.805278 -0.592897<0 54.2014> 194.5 1207.5 225 1174.5 0.725953 0.687745<0 51.791> 564 174 396 36 0.859046 -0.511898<-73.6779 0> 584 851.667 639.875 792.625 0.729186 0.684315<0.339928 204.092> 617 1464 608 1449 0.812104 -0.583512<1.44374 166.235> 647 1054 422 833 0.805056 0.593199<-296.88 -201.587>
LayerCount: 2
Fore
Refer: 111 180 N 1 0 0 1 356 23 2
Refer: 80 112 N 1 0 0 1 0 0 3
LCarets2: 1 0 
Ligature2: "Unicode Diacritics" p acutecomb
EndChar
