StartChar: periodcentered
Encoding: 183 183 114
Width: 444
VWidth: 2065
GlyphClass: 1
Flags: MW
HStem: 402 318<240 264>
VStem: 93 318<549 573>
DStem2: 115 561 252 424 0.707107 0.707107<0 193.747>
LayerCount: 2
Fore
Refer: 15 46 N 1 0 0 1 0 422 2
EndChar
