StartChar: pertenthousand
Encoding: 8241 8241 404
Width: 2593
VWidth: 2065
Flags: W
HStem: -20 20<975 992 1616 1633 2257 2274> -20 21<208 216> 711 20<969 986 1610 1627 2251 2268> 720 20<325 342> 1451 20<319 336 1094 1102>
DStem2: 136 1284 173 1258 0.631271 0.775562<3.19243 55.4437> 340 944 290 754 0.83365 -0.552293<0 63.2532> 371 1437 321 1247 0.83365 -0.552293<0 63.2532> 453 890 490 864 0.631271 0.775562<3.19243 55.4437> 786 544 823 518 0.631271 0.775562<3.19243 55.4437> 990 204 940 14 0.83365 -0.552293<0 63.2532> 1021 697 971 507 0.83365 -0.552293<0 63.2532> 1083 1460 1143 1421 0.539388 0.842057<-1714.18 15.4817> 1103 150 1140 124 0.631271 0.775562<3.19243 55.4437 513.296 565.547> 1631 204 1581 14 0.83365 -0.552293<0 63.2532> 1662 697 1612 507 0.83365 -0.552293<0 63.2532> 2068 544 2105 518 0.631271 0.775562<3.19243 55.4437 -506.911 -454.66> 2272 204 2222 14 0.83365 -0.552293<0 63.2532> 2303 697 2253 507 0.83365 -0.552293<0 63.2532> 2385 150 2422 124 0.631271 0.775562<3.19243 55.4437>
LayerCount: 2
Fore
Refer: 408 8304 N 1 0 0 1 1932 -740 2
Refer: 808 -1 N 1 0 0 1 132 0 2
Refer: 408 8304 N 1 0 0 1 650 -740 2
Refer: 408 8304 N 1 0 0 1 0 0 2
Refer: 408 8304 N 1 0 0 1 1291 -740 2
EndChar
