StartChar: quotedblbase
Encoding: 8222 8222 397
Width: 830
VWidth: 2065
GlyphClass: 1
Flags: MW
HStem: 278 20<240 264 626 650>
VStem: 93 20<128 152> 386 25<87 152> 479 20<128 152> 772 25<87 152>
DStem2: 252 276 113 141 0.707107 -0.707107<0 193.747> 202.669 -223.335 237.001 -244.333 0.505226 0.862987<0 105.446> 638 276 499 141 0.707107 -0.707107<0 193.747> 588.669 -223.335 623.001 -244.333 0.505226 0.862987<0 105.446>
LayerCount: 2
Fore
Refer: 394 8218 N 1 0 0 1 386 0 2
Refer: 394 8218 N 1 0 0 1 0 0 2
EndChar
