StartChar: quotedblright
Encoding: 8221 8221 396
Width: 830
VWidth: 2065
GlyphClass: 1
Flags: W
HStem: 1428 20<240 264 626 650>
VStem: 93 20<1278 1302> 386 25<1237 1302> 479 20<1278 1302> 772 25<1237 1302>
DStem2: 252 1426 113 1291 0.707107 -0.707107<0 193.747> 202.669 926.665 237.001 905.667 0.505226 0.862987<0 105.446> 638 1426 499 1291 0.707107 -0.707107<0 193.747> 588.669 926.665 623.001 905.667 0.505226 0.862987<0 105.446>
LayerCount: 2
Fore
Refer: 393 8217 N 1 0 0 1 386 0 2
Refer: 393 8217 N 1 0 0 1 0 0 2
EndChar
