StartChar: r_tildecomb
Encoding: 65670 -1 753
Width: 714
VWidth: 2065
Flags: W
HStem: -20 21<363.5 374.5> 1051 20<169 180 551 561>
VStem: 162 203<197.688 847.578>
DStem2: 16.3643 837.818 54 812 0.563744 0.82595<0 52.3319> 106 1243 149 1228 0.21693 0.976187<0 46.857> 314.673 1445.79 245.668 1289.98 0.815735 -0.578426<33.8386 184.836> 356.681 852 382 816 0.657369 0.753569<0 277.347> 666 877 445 861 0.465414 -0.885093<-102.439 0> 506 243 540 213 0.661031 0.750359<-81.4897 80.1871> 522.446 738 549.074 703.5 0.65737 0.753568<0 179.811> 555 1348 597 1330 0.21693 0.976187<0 46.857>
LayerCount: 2
Fore
Refer: 329 732 N 1 0 0 1 60 27 2
Refer: 82 114 N 1 0 0 1 0 0 3
LCarets2: 1 0 
Ligature2: "Non-Unicode Diacritics" r tildecomb
EndChar
