StartChar: rdotaccent
Encoding: 7769 7769 358
Width: 714
VWidth: 0
HStem: -20 21<363.5 374.5> 1051 20<169 180 551 561> 1421 20<402 442>
VStem: 162 203<197.688 847.578>
DStem2: 16.3643 837.818 54 812 0.563744 0.82595<0 52.3319> 356.681 852 382 816 0.657369 0.753569<0 277.347> 666 877 445 861 0.465414 -0.885093<-102.439 0> 506 243 540 213 0.661031 0.750359<-81.4897 80.1871> 522.446 738 549.074 703.5 0.65737 0.753568<0 179.811>
LayerCount: 2
Fore
Refer: 326 729 N 1 0 0 1 182 2 2
Refer: 82 114 N 1 0 0 1 0 0 3
LCarets2: 1 0 
Ligature2: "Unicode Diacritics" r dotcomb
EndChar
