StartChar: registered
Encoding: 174 174 105
Width: 1538
VWidth: 2065
GlyphClass: 1
Flags: MW
HStem: -36 45<702 835> 1418 45<702 835>
VStem: 68 45<628 797> 472 203<393.869 1024.53> 1425 45<628 797>
DStem2: 325 1024 363 999 0.563337 0.826227<0.751116 53.2541> 693 1061 734 1035 0.818806 0.574071<-12.9637 111.008> 729 679 747 638 0.913009 0.40794<0 51.1868> 1016 708 865 562 0.494887 -0.868957<0 52.1398> 1074 527 876 458 0.0813149 -0.996688<0 52.6712> 1050 1193 935 1007 0.610748 -0.791825<0 77.0433> 1105 393 962 239 0.539582 -0.841933<0 52.4976> 1176 343 1209 312 0.707107 0.707107<1.41421 52.3259>
LayerCount: 2
Fore
Refer: 240 312 N 1 0 0 1 310 187 2
Refer: 806 -1 N 1 0 0 1 0 0 3
EndChar
