StartChar: ringcomb
Encoding: 778 778 339
AltUni2: 000366.ffffffff.0
Width: 0
VWidth: 2036
DStem2: -632 1480 -587 1453 0.884569 0.466409<0 27.2126> -441 1120 -396 1093 0.884569 0.466409<0 27.2126>
LayerCount: 2
Fore
Refer: 327 730 N 1 0 0 1 -800 0 2
EndChar
