StartChar: s.long
Encoding: 65694 -1 777
Width: 484
VWidth: 2065
Flags: W
HStem: -407 20<258 274> 849 45<7.5 71.9045> 1428 20<299 333 605 615>
VStem: 145 242<707 849> 159 45<1155 1230>
DStem2: 479 1383 284 1258 0.875795 -0.482683<-110.445 0> 568 1380.5 609 1363 0.351123 0.936329<0 66.3623>
LayerCount: 2
Fore
Refer: 303 383 N 1 0 0 1 0 0 3
Substitution2: "longs to s" s
EndChar
