StartChar: schwa
Encoding: 601 601 322
Width: 762
VWidth: 2065
Flags: MW
HStem: -1 20<219 245> 1051 20<391 401>
DStem2: 147.332 866.334 124.335 904.668 0.875441 0.483325<-73.106 -1.6048> 213 6 390 110 0.369595 -0.929193<-352.143 -17.585> 444 68 397 96 0.913812 0.406138<-31.5773 0> 481 504 475 550 0.929296 0.369336<-228.239 13.0141>
LayerCount: 2
Fore
Refer: 69 101 N -1 0 0 -1 762 1051 3
EndChar
