StartChar: scommaaccent
Encoding: 537 537 313
Width: 871
VWidth: 0
HStem: -20 20<451 461> 1051 20<410 420> 1233 45<544 590>
DStem2: 169 822 206 798 0.640184 0.768221<5.24951 61.8418> 319 568 263 372 0.907255 -0.420582<0 31.6277> 398 269.5 342 73.5 0.907255 -0.420582<0 31.6277> 376 -426 399 -465 0.860055 0.510202<0 62.7694> 418.681 1248.65 434.333 1206.33 0.95502 0.296542<2.40058 56.1943> 442 568 312 343 0.64077 0.767733<-285.18 -272.569 -48.9513 -24.636 198.713 211.221> 529 978 473 782 0.907255 -0.420582<0 31.6277> 608 679 552 483 0.907255 -0.420582<0 31.6277> 625 205 663 181 0.640184 0.768221<5.8897 62.482>
LayerCount: 2
Fore
Refer: 342 806 N 1 0 0 1 928 -5 2
Refer: 83 115 N 1 0 0 1 0 0 3
LCarets2: 1 0 
AlternateSubs2: "Access All Alternates" scommaaccent.noswash
Substitution2: "s to s.noswash" scommaaccent.noswash
Ligature2: "Unicode Diacritics" s commasubcomb
EndChar
