StartChar: semicolon
Encoding: 59 59 28
Width: 444
VWidth: 2065
GlyphClass: 1
Flags: MW
HStem: 278 20<240 264> 694 318<240 264>
VStem: 93 20<128 152> 93 318<841 865> 386 25<87 152>
DStem2: 252 276 113 141 0.707107 -0.707107<0 193.747> 115 853 252 716 0.707107 0.707107<0 193.747> 202.669 -223.335 237.001 -244.333 0.505226 0.862987<0 105.446>
LayerCount: 2
Fore
Refer: 15 46 N 1 0 0 1 0 714 2
Refer: 13 44 N 1 0 0 1 0 0 2
EndChar
