StartChar: threequarters
Encoding: 190 190 121
Width: 1298
VWidth: 1394
GlyphClass: 1
Flags: W
HStem: -399 21<150 242> -399 45<865.01 952.897 1118.1 1205.99> -191 94<822.006 960 1111 1222> 300 20<1021 1103> 717 45<274 305> 1416 45<261 292> 1428 20<1103.5 1195.5>
VStem: 960 151<-353.354 -191 -97 99.99>
DStem2: 145 -375 268 -375 0.460389 0.887717<6.48359 2076.88> 189 1116 204 1074 0.937045 0.349209<0 53.8153> 745 -118 826 -73 0.52014 0.854081<67.5422 290.5>
LayerCount: 2
Fore
Refer: 110 179 N 1 0 0 1 0 0 2
Refer: 414 8324 N 1 0 0 1 690 0 2
Refer: 407 8260 N 1 0 0 1 111 0 2
EndChar
