StartChar: three.inferior
Encoding: 8323 8323 413
Width: 599
VWidth: -1138
HStem: -421 45<274 305> 278 45<261 292>
DStem2: 189 -22 204 -64 0.937045 0.349209<0 53.8153>
LayerCount: 2
Fore
Refer: 110 179 N 1 0 0 1 0 -1138 3
EndChar
