StartChar: tildecomb
Encoding: 771 771 334
Width: 0
VWidth: 2058
Flags: W
DStem2: -754 1216 -711 1201 0.21693 0.976187<0 46.857> -545.327 1418.79 -614.332 1262.98 0.815735 -0.578426<33.8386 184.836> -305 1321 -263 1303 0.21693 0.976187<0 46.857>
LayerCount: 2
Fore
Refer: 329 732 N 1 0 0 1 -800 0 2
EndChar
