StartChar: two.inferior
Encoding: 8322 8322 412
Width: 594
VWidth: -1138
HStem: -401 147<248.01 461.549> 278 45<229.418 322.874>
DStem2: 458 -246 502 -263 0.0882618 0.996097<0 66.2594>
LayerCount: 2
Fore
Refer: 109 178 N 1 0 0 1 0 -1138 3
EndChar
