StartChar: twothirds
Encoding: 8532 8532 418
Width: 1349
VWidth: 1394
Flags: W
HStem: -421 45<1024 1055> -399 21<180 272> 278 45<1011 1042> 737 147<248.01 461.549> 1416 45<229.418 322.874> 1428 20<1133.5 1225.5>
DStem2: 175 -375 298 -375 0.460389 0.887717<6.48359 2076.88> 458 892 502 875 0.0882618 0.996097<0 66.2594> 939 -22 954 -64 0.937045 0.349209<0 53.8153>
LayerCount: 2
Fore
Refer: 109 178 N 1 0 0 1 0 0 2
Refer: 407 8260 N 1 0 0 1 141 0 2
Refer: 413 8323 N 1 0 0 1 750 0 2
EndChar
