StartChar: ucircumflex
Encoding: 251 251 182
Width: 965
VWidth: 2065
GlyphClass: 1
Flags: W
HStem: -20 20<354.651 365.651 785 796> 1051 20<168.68 179.68 697.349 705.349> 1146 20<190 202 683 702> 1451 20<446 458>
VStem: 162 203<212.135 855.454> 600 203<217.062 844.372>
DStem2: 83 856 45 881 0.563337 0.826227<-53.2541 -0.751116> 171.204 1172.5 203.95 1141.5 0.675233 0.737604<0 96.2576> 334.5 4.5 370.5 243.5 0.752802 -0.658247<-130.22 0> 376 -12 583 243 0.731172 0.682194<185.21 298.926> 950 214 912 239 0.563337 0.826227<-53.2541 -0.751116>
LayerCount: 2
Fore
Refer: 323 710 N 1 0 0 1 125 23 2
Refer: 85 117 N 1 0 0 1 0 0 3
LCarets2: 1 0 
Ligature2: "Unicode Diacritics" u circumflexcomb
EndChar
