StartChar: udieresisgrave
Encoding: 476 476 307
Width: 965
VWidth: 0
HStem: -20 20<354.651 365.651 785 796> 1051 20<168.68 179.68 697.349 705.349> 1389 20<311 351 681 721> 1804 20<398 404>
VStem: 162 203<212.135 855.454> 600 203<217.062 844.372>
DStem2: 83 856 45 881 0.563337 0.826227<-53.2541 -0.751116> 276 1686 288 1674 0.647823 0.761791<0 164.583> 334.5 4.5 370.5 243.5 0.752802 -0.658247<-130.22 0> 376 -12 583 243 0.731172 0.682194<185.21 298.926> 950 214 912 239 0.563337 0.826227<-53.2541 -0.751116>
LayerCount: 2
Fore
Refer: 101 168 N 1 0 0 1 91 -30 2
Refer: 85 117 N 1 0 0 1 0 0 3
Refer: 804 -1 N 1 0 0 1 240 376 2
LCarets2: 2 0 0 
Ligature2: "Unicode Diacritics" u dieresiscomb gravecomb
Ligature2: "Unicode Diacritics" udieresis gravecomb
EndChar
