StartChar: udieresis.alt
Encoding: 65678 -1 761
Width: 965
VWidth: 2064
Flags: W
HStem: -20 20<354.651 365.651 785 796> 1051 20<168.68 179.68 697.349 705.349>
VStem: 162 203<212.135 855.454> 600 203<217.062 844.372>
DStem2: 83 856 45 881 0.563337 0.826227<-53.2541 -0.751116> 326.5 1571.23 371 1543.7 0.884385 0.466759<0 26.505> 334.5 4.5 370.5 243.5 0.752802 -0.658247<-130.22 0> 376 -12 583 243 0.731172 0.682194<185.21 298.926> 392 1357 414 1317 0.884229 0.467054<-11.873 120.372> 605.597 1276.17 648.333 1262.83 0.368098 0.929787<3.33406 68.4745> 950 214 912 239 0.563337 0.826227<-53.2541 -0.751116>
LayerCount: 2
Fore
Refer: 345 868 N 1 0 0 1 953 89 2
Refer: 85 117 N 1 0 0 1 0 0 2
LCarets2: 1 0 
Substitution2: "Historical variants" udieresis.hist
Ligature2: "Non-Unicode Diacritics" u ecomb
EndChar
