StartChar: uhungarumlaut
Encoding: 369 369 289
Width: 965
VWidth: 17
HStem: -20 20<354.651 365.651 785 796> 1051 20<168.68 179.68 697.349 705.349> 1469 20<381 387 673 679>
VStem: 162 203<212.135 855.454> 600 203<217.062 844.372>
DStem2: 83 856 45 881 0.563337 0.826227<-53.2541 -0.751116> 334.5 4.5 370.5 243.5 0.752802 -0.658247<-130.22 0> 376 -12 583 243 0.731172 0.682194<185.21 298.926> 399 1482 390 1467 0.812104 -0.583512<1.44374 166.235> 691 1482 682 1467 0.812104 -0.583512<1.44374 166.235> 950 214 912 239 0.563337 0.826227<-53.2541 -0.751116>
LayerCount: 2
Fore
Refer: 330 733 N 1 0 0 1 138 41 2
Refer: 85 117 N 1 0 0 1 0 0 3
LCarets2: 1 0 
Ligature2: "Unicode Diacritics" u hungarumlaut
EndChar
