StartChar: uniE027
Encoding: 57383 57383 485
Width: 888
VWidth: 2065
Flags: W
HStem: -407 21<414 428> 386 75<255 448.996 563.004 759> 796 201<472 560> 1050 21<237 263 788 802>
DStem2: 89.668 806.835 132.331 789.67 0.326346 0.94525<0 72.2956> 306 1050 267 846 0.91809 -0.396371<0 45.0542> 572 664 615 653 0.456091 0.889933<9.82264 449.472>
LayerCount: 2
Fore
Refer: 636 -1 N 1 0 0 1 0 0 3
EndChar
