StartChar: uniE065
Encoding: 57445 57445 536
Width: 484
VWidth: 2065
Flags: W
HStem: -407 20<258 274> 849 45<7.5 71.9045> 1428 20<299 333>
VStem: 145 242<707 849> 159 45<1155 1230>
DStem2: 479 1383 284 1258 0.875795 -0.482683<-110.445 -30> 517 1691 480 1666 0.563744 -0.82595<0 68.2916>
LayerCount: 2
Fore
Refer: 775 -1 N 1 0 0 1 0 0 3
EndChar
