StartChar: uniE015
Encoding: 57365 57365 469
Width: 1032
VWidth: 1688
Flags: W
HStem: -20 45<370.134 551.395> 759 199<420 511> 1428 20<211 223 807 818>
VStem: 201 45<1139 1216>
DStem2: 180.227 920.832 225.4 920.334 0.0995013 0.995037<3.99928 79.9995>
LayerCount: 2
Fore
Refer: 624 -1 N 1 0 0 1 0 0 3
EndChar
