StartChar: uniE00C
Encoding: 57356 57356 462
Width: 1497
VWidth: 2065
Flags: W
HStem: -45 20<658 782> 1451 20<695 732>
DStem2: 4 205 45 167 0.733761 0.679408<4.26668 73.5935> 303.5 1814.23 348 1786.7 0.884385 0.466759<0 26.505> 358 836 354 546 0.9322 -0.361944<0 101.235> 369 1600 391 1560 0.884229 0.467054<-11.873 120.372> 472 320 371 51 0.77364 -0.633625<0 92.3076> 372 1227 400 1178 0.907563 0.419917<4.83582 73.8241> 470 383 515 348 0.68622 0.727394<5.42114 72.8629> 582.597 1519.17 625.333 1505.83 0.368098 0.929787<3.33406 68.4745> 893 1429 877 1140 0.917111 -0.398631<0 100.531> 1143 162 1216 153 0.737154 0.675725<0 47.7307>
LayerCount: 2
Fore
Refer: 763 -1 N 1 0 0 1 0 0 3
EndChar
