StartChar: uniE06C
Encoding: 57452 57452 816
Width: 871
VWidth: 2065
Flags: W
HStem: -20 20<451 461> 1051 20<410 420>
DStem2: 169 822 206 798 0.640184 0.768221<5.24951 61.8418> 319 568 263 372 0.907255 -0.420582<0 31.6277> 398 269.5 342 73.5 0.907255 -0.420582<0 31.6277> 376 -426 399 -465 0.860055 0.510202<0 62.7694> 442 568 312 343 0.641014 0.767529<-285.164 -273.339 -48.9571 -24.6161 199.125 211.59> 529 978 473 782 0.907255 -0.420582<0 31.6277> 608 679 552 483 0.907255 -0.420582<0 31.6277> 625 205 663 181 0.640184 0.768221<5.8897 62.482>
LayerCount: 2
Fore
Refer: 814 -1 N 1 0 0 1 0 0 3
EndChar
