StartChar: uniE04C
Encoding: 57420 57420 820
Width: 1449
VWidth: 2065
Flags: W
HStem: -407 20<258 274> -386 45<843.009 983.64> -20 20<833.5 845.5> 849 45<7.5 71.9045> 849 109<386.901 639.375> 1051 20<696 708 1180 1190> 1419 20<769 798 1204 1244> 1428 20<299 333 605 615>
VStem: 145 242<707 849> 159 45<1155 1230> 646 203<183.443 855.454> 1084 203<-156.863 184.995 218.188 844.372>
DStem2: 479 1383 284 1258 0.875795 -0.482683<-110.445 0> 568 1380.5 609 1363 0.351123 0.936329<0 66.3623> 986 167 1061 176 0.730567 0.682841<-35.3767 78.611> 1316 -141 1278.7 -168.02 0.58672 -0.80979<0 167.015>
LayerCount: 2
Fore
Refer: 717 -1 N 1 0 0 1 0 0 3
EndChar
