StartChar: uniE020
Encoding: 57376 57376 478
Width: 888
VWidth: 2065
Flags: W
HStem: -20 21<438.5 456.5> 1051 20<431.5 449.5>
DStem2: 205 848 240 821 0.626759 0.779213<0.897789 58.2547> 457 243 397 33 0.805133 -0.593094<0 76.2418> 486 1023 426 813 0.805133 -0.593094<0 76.2418> 613 186 648 160 0.626759 0.779213<1.677 59.0339>
LayerCount: 2
Fore
Refer: 629 -1 N 1 0 0 1 0 0 3
EndChar
