StartChar: uniE03B
Encoding: 57403 57403 503
Width: 1529
VWidth: 2065
Flags: W
HStem: -20 20<361 370 912.5 924.25> 1032 20<517 543> 1051 20<1182 1200> 1403 45<1025.51 1156.99>
VStem: 713 203<198.018 1219.89>
DStem2: 318 983 365 955 0.913812 0.406138<0 31.5773> 554 1032 390 902 0.410706 -0.911768<0 51.174> 564.326 163.326 575.655 120.33 0.970466 0.241238<0.6222 56.6899> 622.5 1366.83 586.5 1337.83 0.587645 -0.809119<2.30924 169.32> 661 886.819 712.5 868.889 0.804781 0.593572<0 30.8036> 774.021 -359.021 802.338 -394.002 0.78968 0.613519<0.899118 102.15> 936 891.33 985 872.33 0.804781 0.593572<-13.6681 74.9181> 1011.66 189.668 1045 162 0.652045 0.75818<0.759884 90.9997> 1244 991.33 1152 793.33 0.700932 -0.713229<0 76.7338>
LayerCount: 2
Fore
Refer: 737 -1 N 1 0 0 1 0 0 3
EndChar
