StartChar: uniE03C
Encoding: 57404 57404 504
Width: 1199
VWidth: 2065
Flags: W
HStem: -20 20<361 370 912.5 924.25> 849 52<645.368 697.845> 849 109<931.071 1156> 1032 20<517 543> 1079 203<1036.79 1156> 1403 45<1021.07 1156.99>
VStem: 713 203<197.688 848.995 1118.01 1220.25> 1137 20<849 958 1079 1282 1417 1432>
DStem2: 318 983 365 955 0.913812 0.406138<0 31.5773> 555 1032 391 902 0.410706 -0.911768<0 51.174> 564.326 163.326 575.655 120.33 0.970465 0.24124<0.622068 56.6903> 622.5 1366.5 586.5 1337.5 0.587645 -0.809119<2.30924 169.32> 1011.66 189.338 1045 161.67 0.652045 0.75818<0.759884 90.9997>
LayerCount: 2
Fore
Refer: 738 -1 N 1 0 0 1 0 0 3
EndChar
