StartChar: uniE012
Encoding: 57362 57362 466
Width: 1000
VWidth: 2065
Flags: W
HStem: -20 20<65.125 78.625 813 830.75> 0 203<270.011 821.502> 1403 45<355.26 534.199>
DStem2: 825 239 884 379 0.0962363 0.995359<-36.5664 179.672>
LayerCount: 2
Fore
Refer: 621 -1 N 1 0 0 1 0 0 3
EndChar
