StartChar: uniE023
Encoding: 57379 57379 481
Width: 888
VWidth: 1688
Flags: W
HStem: -391 20<113.661 147.661> 1051 20<392 404>
DStem2: 46 755 77.083 723.167 0.729025 0.684487<0.871026 426.597> 106.078 -351.288 112.33 -395.338 0.991172 0.132583<0.356495 100.18> 287.14 355.146 307 315.333 0.898381 0.439218<0.355786 100.18>
LayerCount: 2
Fore
Refer: 632 -1 N 1 0 0 1 0 0 3
EndChar
