StartChar: uniE0C8
Encoding: 57544 57544 606
Width: 1587
VWidth: 2065
Flags: W
HStem: -45 20<868 972> 1451 20<350 459 1406 1426>
DStem2: 63.25 267.583 104.25 228.583 0.74666 0.665206<4.67002 73.6614> 416 729 456 689 0.74666 0.665206<3.25815 72.9147> 514 455.5 554 415.5 0.74666 0.665206<3.25815 72.9147> 657.364 346.533 537.896 83 0.710759 -0.703435<0 100.465> 710.129 1359.26 577.643 1102.02 0.67473 -0.738065<0 100.464> 1400 948 1215 724 0.502575 -0.864533<0 100.679> 1239 149 1274 104 0.700341 0.713809<0 58.6939> 1362 1454 1383 1402 0.934052 0.357137<1.04394 72.8011>
LayerCount: 2
Fore
Refer: 703 -1 N 1 0 0 1 0 0 3
EndChar
