StartChar: uniE073
Encoding: 57459 57459 547
Width: 2048
VWidth: 0
Flags: W
DStem2: 160 1191 97 1102 0.819254 -0.573431<-11.9634 993.152 1170.44 2175.55> 97 -50 160 -139 0.819254 0.573431<-13.319 993.73 1171.01 2178.06>
LayerCount: 2
Fore
Refer: 789 -1 N 1 0 0 1 0 0 3
EndChar
