StartChar: uniE042
Encoding: 57410 57410 510
Width: 1019
VWidth: 2065
Flags: W
HStem: -407 20<258 274> -20 20<829 843> 849 45<7.5 71.9045> 1051 20<697.5 706.5> 1419 20<769 798> 1428 20<299 333 605 615>
VStem: 145 242<707 849> 159 45<1155 1230> 646 203<195.546 843.352>
DStem2: 479 1383 284 1258 0.875795 -0.482683<-110.445 0> 530 832 587 836 0.56311 0.826382<-17.2195 47.8282> 568 1380.5 609 1363 0.351123 0.936329<0 66.3623> 762 1006 644.5 799 0.707107 -0.707107<0 63.286> 927 195 965 170 0.563337 0.826227<0.751116 53.2541>
LayerCount: 2
Fore
Refer: 727 -1 N 1 0 0 1 0 0 3
EndChar
