StartChar: uniE058
Encoding: 57432 57432 527
Width: 732
VWidth: 2065
Flags: W
HStem: -386 45<318.25 357.5> 1051 20<317 329>
DStem2: 85 1243 128 1228 0.21693 0.976187<0 46.857> 117.5 815.5 190 837.5 0.601151 0.799135<0 61.1644 675.919 722.776> 129 471 192.171 441.841 0.947385 0.320095<0 50.5135> 379.5 1021.5 149.5 941.5 0.796802 -0.604241<20.3616 66.7421> 293.673 1445.79 224.668 1289.98 0.815735 -0.578426<33.8386 184.836> 503.5 510 524.5 470 0.879707 0.475517<0 146.661>
LayerCount: 2
Fore
Refer: 754 -1 N 1 0 0 1 0 0 3
EndChar
