StartChar: uniE08C
Encoding: 57484 57484 559
Width: 965
VWidth: 17
Flags: W
HStem: -386 21<314 384> -20 20<350.5 362.5> 1051 20<170 182 697 707> 1451 20<402 408>
VStem: 163 203<183.443 855.454> 601 203<-122.062 184.995 218.188 844.372>
DStem2: 16.9092 837.272 54 811.909 0.563826 0.825893<0 52.5967> 255 1367 264 1352 0.812104 0.583512<0 164.791> 471 -329 514 -363 0.961524 0.274721<0 32.005> 503 167 578 176 0.730567 0.682841<-35.3767 78.611>
LayerCount: 2
Fore
Refer: 656 -1 N 1 0 0 1 0 0 3
EndChar
