StartChar: uniE06B
Encoding: 57451 57451 815
Width: 871
VWidth: 17
Flags: W
HStem: 1051 20<410 420>
VStem: 429 46<-52.6147 3.07935>
DStem2: 97.999 156.996 136.221 132.667 0.641092 0.767464<5.83215 827.304> 169 822 206 798 0.640184 0.768221<5.24951 61.8418> 319 568 263 372 0.907255 -0.420582<0 31.6277> 347.162 -336.675 335.833 -380.167 0.9657 -0.25966<0.352866 51.0902> 398 269.5 342 73.5 0.907255 -0.420582<0 31.6277> 529 978 473 782 0.907255 -0.420582<0 31.6277> 608 679 552 483 0.907255 -0.420582<0 31.6277> 625 205 663 181 0.640184 0.768221<5.8897 62.482>
LayerCount: 2
Fore
Refer: 813 -1 N 1 0 0 1 0 0 3
EndChar
