StartChar: uniE05E
Encoding: 57438 57438 529
Width: 1097
VWidth: 2065
Flags: W
HStem: -20 20<361.5 373.25 890.5 902.25> 1403 45<474.509 605.991 1003.51 1134.99>
VStem: 162 203<197.688 517.995 587.484 606.578 676.005 1212.67> 691 203<197.688 697.995 767.422 786.516 856.005 1212.67>
DStem2: 31 558 55 487 0.94701 0.321203<-10.0415 98.8098 366.575 658.571 925.39 1034.24> 71.5 1366.5 35.5 1337.5 0.587645 -0.809119<2.30924 169.32> 460.663 189.338 494 161.67 0.652045 0.75818<0.759884 90.9997> 600.5 1366.5 564.5 1337.5 0.587645 -0.809119<2.30924 169.32> 989.663 189.338 1023 161.67 0.652045 0.75818<0.759884 90.9997>
LayerCount: 2
Fore
Refer: 742 -1 N 1 0 0 1 0 0 3
EndChar
