StartChar: uniE040
Encoding: 57408 57408 508
Width: 1419
VWidth: 17
Flags: W
HStem: -407 20<258 274> -20 20<845.5 857.25> -20 21<927 940.5> 849 45<7.5 71.9045> 1051 20<1120.55 1133> 1403 45<949.65 1089> 1428 20<299 333 605 615>
VStem: 145 242<707 849> 159 45<1155 1230> 646 203<271.357 852.188 894.372 1219>
DStem2: 479 1383 284 1258 0.875795 -0.482683<-110.445 0 800.713 882.119> 568 1380.5 609 1363 0.351123 0.936329<0 66.3623> 619.998 1289.34 579.014 1270.69 0.439869 -0.898062<0 53.2921> 846 301 723 139 0.80987 -0.586609<0 223.848> 864 887 860 828 0.805502 0.592594<0 80.2761>
LayerCount: 2
Fore
Refer: 733 -1 N 1 0 0 1 0 0 3
EndChar
