StartChar: uniE018
Encoding: 57368 57368 472
Width: 1068
VWidth: 2065
Flags: W
HStem: -20 45<430.595 649.465> 1403 45<416.425 634.988>
VStem: 85 156<323 403> 783 131<1093 1166>
DStem2: 513 926 361 752 0.870084 -0.492904<0 186.824>
LayerCount: 2
Fore
Refer: 627 -1 N 1 0 0 1 0 0 3
EndChar
