StartChar: uniE02F
Encoding: 57391 57391 492
Width: 966
VWidth: 2065
Flags: W
VStem: 352 262<985 995 1503 1513> 460 46<1148 1201 1297 1350>
DStem2: 319.869 1494.45 188.869 1267.55 0.866026 -0.5<0 9.99974 518 528> 188.869 1230.45 319.869 1003.55 0.866026 0.5<0.000184955 9.99993 518.001 528> 407.031 1319.42 384.031 1279.58 0.866026 -0.499999<0.000331662 53.0001 149.001 202> 384.031 1218.42 407.031 1178.58 0.866026 0.499999<0 52.9997 149 202>
LayerCount: 2
Fore
Refer: 809 -1 N 1 0 0 1 0 0 3
EndChar
