StartChar: uniE024
Encoding: 57380 57380 482
Width: 888
VWidth: 17
Flags: W
HStem: -407 20<632 642> 0 45<287.004 535.994 739.005 825.991> 1051 20<148.5 163>
VStem: 536 203<-197.524 -0.0054 45.0056 551.524>
DStem2: 174 1068 144 1034 0.707107 -0.707107<2.82843 65.0538>
LayerCount: 2
Fore
Refer: 633 -1 N 1 0 0 1 0 0 3
EndChar
