StartChar: uniE041
Encoding: 57409 57409 509
Width: 1462
VWidth: 2065
Flags: W
HStem: -407 20<258 274> -20 20<845.5 857.25> 849 45<7.5 71.9045> 1403 45<958.5 1090> 1428 20<299 333 605 615>
VStem: 145 242<707 849> 159 45<1155 1230> 646 203<197.688 1219.56>
DStem2: 479 1383 284 1258 0.875795 -0.482683<-110.445 0> 619.998 1289.34 579.014 1270.69 0.439869 -0.898062<0 53.2921> 568 1380.5 609 1363 0.351123 0.936329<0 66.3623> 707.021 -359.351 735.338 -394.332 0.78968 0.613519<0.899118 102.15> 869 891 918 872 0.804781 0.593572<-13.6681 74.9181> 944.663 189.338 978 161.67 0.652045 0.75818<0.759884 90.9997> 1177 991 1085 793 0.700932 -0.713229<0 76.7337>
LayerCount: 2
Fore
Refer: 734 -1 N 1 0 0 1 0 0 3
EndChar
