StartChar: uniE0CD
Encoding: 57549 57549 610
Width: 1224
VWidth: 17
Flags: W
HStem: -386 20<515 587> -20 20<468 493> 1451 20<337 362 1193 1218> 1759 20<521 561 891 931>
VStem: 856 226<277.192 1213.22>
DStem2: -2 287 24 237 0.871576 0.490261<0 71.5781> 50 -76 10 -116 0.707107 -0.707107<0 73.5391> 338 1060 202 804 0.666947 -0.745105<0 100.042> 459 316 280 89 0.518706 -0.854953<0 101.226> 295 1446 322 1397 0.871576 0.490261<0 71.5781> 725 169 765 131 0.700209 0.713938<0.878693 72.1352> 1151 1437 1187 1394 0.759257 0.650791<0 71.6955>
LayerCount: 2
Fore
Refer: 707 -1 N 1 0 0 1 0 0 3
EndChar
