StartChar: uniE013
Encoding: 57363 57363 467
Width: 1016
VWidth: 2065
Flags: W
HStem: -20 45<371.834 575.122> 1403 45<370.276 546.676>
DStem2: 317.104 751.583 327.919 707.345 0.965367 0.260894<0 59.9088>
LayerCount: 2
Fore
Refer: 622 -1 N 1 0 0 1 0 0 3
EndChar
