StartChar: uniE025
Encoding: 57381 57381 483
Width: 888
VWidth: 2065
Flags: W
HStem: 401 206<167 261> 811 198<511 569> 1051 20<335 348 776 789>
DStem2: 89 429 134 420 0.333404 0.942784<6.51813 626.867> 181 -349 190.5 -394.75 0.978234 0.207504<0 101.003> 373 1056 359 839 0.909839 -0.414961<0 77.3087>
LayerCount: 2
Fore
Refer: 634 -1 N 1 0 0 1 0 0 3
EndChar
