StartChar: uniE069
Encoding: 57449 57449 540
Width: 484
VWidth: 2065
Flags: W
HStem: -407 20<258 274> 849 45<7.5 71.9045> 1428 20<299 333 605 615> 1519 20<65.0039 84.0039 565.004 577.004> 1824 20<309.004 321.004>
VStem: 145 242<707 849> 159 45<1155 1230>
DStem2: 479 1383 284 1258 0.875795 -0.482683<-110.445 0> 530.804 1616.5 494.396 1589.5 0.675234 -0.737604<0 96.2574> 568 1380.5 609 1363 0.351123 0.936329<0 66.3623>
LayerCount: 2
Fore
Refer: 774 -1 N 1 0 0 1 0 0 3
EndChar
