StartChar: uniE044
Encoding: 57412 57412 512
Width: 1132
VWidth: 2065
Flags: W
HStem: -407 20<258 274> -20 20<845.5 857.25> 849 45<7.5 71.9045 508.514 579.934> 849 109<864.071 1089> 1079 203<969.794 1089> 1403 45<954.068 1090> 1428 20<299 333 605 615>
VStem: 145 242<707 849> 159 45<1155 1230> 646 203<197.688 848.995 1118.01 1220.25> 1070 20<849 958 1079 1282 1417 1432>
DStem2: 479 1383 284 1258 0.875795 -0.482683<-110.445 0> 568 1380.5 609 1363 0.351123 0.936329<0 66.3623> 619.998 1289.34 579.014 1270.69 0.439869 -0.898062<0 53.2921> 944.663 189.338 978 161.67 0.652045 0.75818<0.759884 90.9997>
LayerCount: 2
Fore
Refer: 735 -1 N 1 0 0 1 0 0 3
EndChar
