StartChar: uniE03E
Encoding: 57406 57406 506
Width: 1015
VWidth: 2065
Flags: W
HStem: -399 21<351.5 367.5> -20 20<361 372.75> 849 20<53.5 161.5> 1051 20<691.5 704.5>
VStem: 162 203<197.688 848.995>
DStem2: 344.5 -363 370 -400.5 0.82656 0.562848<0 127.003> 403.5 871 390.5 807 0.817386 0.576091<-25.65 115.104> 428.143 1238.3 463.142 1209.98 0.588922 0.80819<0 104.17> 457.5 498 470.5 455 0.952424 0.304776<0 78.0226> 460.163 189.338 493.5 161.67 0.652045 0.75818<0.759884 90.9997> 746.703 1018.86 505.702 983.947 0.667683 -0.744445<20.3633 66.7424> 813.694 595.45 570.708 579.396 0.607747 -0.79413<20.3625 66.7423>
LayerCount: 2
Fore
Refer: 741 -1 N 1 0 0 1 0 0 3
EndChar
