StartChar: uniE0C1
Encoding: 57537 57537 601
Width: 1241
VWidth: 2065
Flags: W
HStem: -45 20<626 710> 1450 21<513 587> 1824 20<492 498>
DStem2: -24 163 24 132 0.538662 0.842522<0 72.1392> 155.524 1179 206.409 1152 0.573704 0.819062<7.07833 87.6347> 306 840 268 553 0.881634 -0.471934<0 101.943> 405 363 321 86 0.793105 -0.609084<0 102.095> 510 1837 501 1822 0.812104 -0.583512<1.44374 166.235> 565 748 612 718 0.538662 0.842522<0.0414355 72.4017> 665 1455 627 1168 0.881634 -0.471934<0 101.943> 898 994 860 707 0.881634 -0.471934<0 101.943> 1000 232 1039 187 0.526767 0.85001<0 63.8106> 1011 1403 1065 1388 0.258509 0.966009<0 72.5323>
LayerCount: 2
Fore
Refer: 698 -1 N 1 0 0 1 0 0 3
EndChar
