StartChar: uniE017
Encoding: 57367 57367 471
Width: 884
VWidth: 2065
Flags: W
HStem: 0 21<234 574> 1225 203<99.498 699.99> 1428 20<92 108 842 858>
DStem2: 37 1049 82 1044 0.0962363 0.995359<-34.6435 181.595> 645 1120 697 1078 0.596939 0.802286<-3.63014 102.046>
LayerCount: 2
Fore
Refer: 626 -1 N 1 0 0 1 0 0 3
EndChar
