StartChar: uniE043
Encoding: 57411 57411 511
Width: 1019
VWidth: 2065
Flags: W
HStem: -407 20<258 274> 849 45<7.5 71.9045> 1051 20<697.409 706.409> 1419 20<769 798> 1428 20<299 333 605 615>
VStem: 145 242<707 849> 159 45<1155 1230> 646 203<-156.863 843.352>
DStem2: 479 1383 284 1258 0.875795 -0.482683<-110.445 0> 420 -355 427 -399 0.986933 0.161132<0 49.4675> 529.909 832 586.909 836 0.56311 0.826382<-17.2195 47.8282> 568 1380.5 609 1363 0.351123 0.936329<0 66.3623> 761.909 1006 644.409 799 0.707107 -0.707107<0 63.286> 874.216 -136.73 836.916 -163.75 0.58672 -0.80979<0 167.014>
LayerCount: 2
Fore
Refer: 728 -1 N 1 0 0 1 0 0 3
EndChar
