StartChar: uniE06E
Encoding: 57454 57454 542
Width: 944
VWidth: 2065
Flags: W
HStem: -20 21<436.37 455.234> 1299 20<509 521> 1428 20<309.5 323.5> 1604 20<265 284 765 777>
VStem: 162 203<262.461 828.484>
DStem2: 421 1141 185 1036 0.884918 -0.465746<0 183.597> 367 290 239 132 0.800536 -0.599284<0 215.818> 267.322 1427.33 289.992 1389 0.882156 0.470957<1.9475 50.2675> 334 873 384 855 0.79201 0.610508<-10.2436 75.5524> 795.796 1597.5 763.05 1628.5 0.675233 0.737604<-96.2576 0>
LayerCount: 2
Fore
Refer: 757 -1 N 1 0 0 1 0 0 3
EndChar
