StartChar: uniE052
Encoding: 57426 57426 522
Width: 935
VWidth: 2065
Flags: W
HStem: -20 21<443 456.5> 1051 20<636.554 649> 1403 45<441.752 550.992> 1428 20<643 649>
VStem: 162 203<271.357 852.188 894.372 1219>
DStem2: 71.8682 1364.58 34.5693 1337.56 0.58672 -0.80979<0 167.01> 362 301 239 139 0.80987 -0.586609<0 223.848> 380 887 376 828 0.805502 0.592594<0 80.2761> 693.5 991.5 600.5 792.5 0.684532 -0.728983<0 81.406> 661 1441 652 1426 0.812104 -0.583512<1.44374 166.235>
LayerCount: 2
Fore
Refer: 751 -1 N 1 0 0 1 0 0 3
EndChar
