StartChar: uniE03F
Encoding: 57407 57407 507
Width: 1025
VWidth: 2065
Flags: W
HStem: -407 20<258 274 697 713> 849 44<7.5 71.9045> 849 109<387.005 566.992 826.005 982> 1428 20<299 333 738 772 1044 1054>
VStem: 145 242<707 849> 159 45<1155 1230> 584 242<707 849> 598 45<1155 1230>
DStem2: 479 1383 284 1258 0.875795 -0.482683<-110.445 0> 918 1383 723 1258 0.875795 -0.482683<-110.445 0> 1007 1380.5 1048 1363 0.351123 0.936329<0 66.3623>
LayerCount: 2
Fore
Refer: 711 -1 N 1 0 0 1 0 0 3
EndChar
