StartChar: uniE091
Encoding: 57489 57489 564
Width: 1287
VWidth: 1
Flags: W
HStem: -21 20<444 507 1003 1066> 1450 20<547 610> 1824 20<874 880>
VStem: 856 226<301 774>
DStem2: -49 220 -18 174 0.836244 0.548357<0.699155 72.9452> 317 953 181 697 0.666947 -0.745105<0 100.042> 281 1355 316 1313 0.759257 0.650791<-73.214 -0.759257> 422 314 284 60 0.655921 -0.75483<0 101.21> 826 1371 690 1115 0.666947 -0.745105<0 100.042> 725 168 765 130 0.700209 0.713938<0.878693 72.1352> 727 1740 736 1725 0.812104 0.583512<0 164.791> 1207 1339 1242 1297 0.759257 0.650791<-73.214 -0.759257> 1209 168 1249 128 0.707107 0.707107<0 73.5391>
LayerCount: 2
Fore
Refer: 664 -1 N 1 0 0 1 0 -1 3
EndChar
