StartChar: uniE088
Encoding: 57480 57480 556
Width: 914
VWidth: 2065
Flags: W
HStem: -20 20<210 223 644 663> 490 75<226 356 559 689> 1051 20<252 271 692 705>
VStem: 356 203<247.137 490 565 803.863>
DStem2: 308 181 69 153 0.626443 -0.779467<-127.895 0> 72 829 109 804 0.582277 0.81299<-22.8956 104.129> 320 156 346.463 118 0.660628 0.750714<0 48.8564> 529 888 595 895 0.660628 0.750714<0 48.8564> 846 898 607 870 0.626443 -0.779467<-127.895 0> 773 200 843 222 0.582277 0.81299<-44.9557 81.5407>
LayerCount: 2
Fore
Refer: 653 -1 N 1 0 0 1 0 0 3
EndChar
