StartChar: uniE06F
Encoding: 57455 57455 543
Width: 612
VWidth: 2065
Flags: W
HStem: -20 20<361.5 373.25> 849 109<368.094 570> 1299 20<269 281> 1604 20<25 44 525 537>
VStem: 162 203<197.688 848.995>
DStem2: 428.643 1238.3 463.642 1209.98 0.588922 0.80819<0 104.17> 460.663 189.338 494 161.67 0.652045 0.75818<0.759884 90.9997> 555.796 1597.5 523.05 1628.5 0.675233 0.737604<-96.2576 0>
LayerCount: 2
Fore
Refer: 758 -1 N 1 0 0 1 0 0 3
EndChar
