StartChar: uniE011
Encoding: 57361 57361 465
Width: 709
VWidth: 2065
Flags: W
HStem: 0 45<101.008 226.797 546.203 671.991> 1428 20<467.937 487.5>
VStem: 285 203<75.593 1160.02>
DStem2: 72.5 1137 102 1102.81 0.779192 0.626785<1.55969 472.881>
LayerCount: 2
Fore
Refer: 620 -1 N 1 0 0 1 0 0 3
EndChar
