StartChar: uniE083
Encoding: 57475 57475 554
Width: 1486
VWidth: 2065
Flags: W
HStem: -20 20<361 370 807 822 1285 1306> 1032 20<517 543> 1051 20<1217 1232> 1403 45<1022 1157>
VStem: 713 203<207.628 837.863 902.672 1218.86>
DStem2: 318 983 365 955 0.913812 0.406138<0 31.5773> 554 1032 390 902 0.410706 -0.911768<0 51.174> 564.326 163.326 575.655 120.33 0.970466 0.241238<0.6222 56.6899> 625.868 1364.58 588.569 1337.56 0.58672 -0.80979<0 167.015> 661 886.819 712.5 868.889 0.804781 0.593572<0 30.8036> 934 874 975 848 0.818806 0.574071<-12.9637 111.008> 970 492 988 451 0.913009 0.40794<0 51.1868> 1257 521 1106 375 0.494887 -0.868957<0 52.1398> 1315 340 1117 271 0.0813149 -0.996688<0 52.6712> 1291 1006 1176 820 0.610748 -0.791825<0 77.0433> 1346 206 1203 52 0.539582 -0.841933<0 52.4976> 1417 156 1450 125 0.707107 0.707107<1.41421 52.3259>
LayerCount: 2
Fore
Refer: 739 -1 N 1 0 0 1 0 0 3
EndChar
