StartChar: uniE031
Encoding: 57393 57393 494
Width: 1024
VWidth: 2065
Flags: W
HStem: 0 45<254.009 430.797 750.203 926.991> 1428 20<678 693>
VStem: 490 203<75.593 1160.02>
DStem2: 167 1048 198 1015 0.778953 0.627082<-23.0774 263.83>
LayerCount: 2
Fore
Refer: 640 -1 N 1 0 0 1 0 0 3
EndChar
