StartChar: uniE034
Encoding: 57396 57396 497
Width: 1023
VWidth: 2065
Flags: W
HStem: 0 45<351.009 476.797 796.203 921.991> 435 148<174.006 535 738 964> 1418 20<603 730>
VStem: 535 203<75.593 434.994 583 1144.99>
DStem2: 83 599 178 607 0.521492 0.853256<44.177 694.053>
LayerCount: 2
Fore
Refer: 643 -1 N 1 0 0 1 0 0 3
EndChar
