StartChar: uniE053
Encoding: 57427 57427 523
Width: 978
VWidth: 2065
Flags: W
HStem: -20 20<361.5 373.25> 1403 45<445.313 550.992> 1428 20<643 649>
VStem: 162 203<197.688 1219.56>
DStem2: 71.5 1366.5 35.5 1337.5 0.587645 -0.809119<2.30924 169.32> 223.021 -359.351 251.338 -394.332 0.78968 0.613519<0.899118 102.15> 385 891 434 872 0.804781 0.593572<-13.6681 74.9181> 460.663 189.338 494 161.67 0.652045 0.75818<0.759884 90.9997> 693 991 601 793 0.700932 -0.713229<0 76.7336> 661 1441 652 1426 0.812104 -0.583512<1.44374 166.235>
LayerCount: 2
Fore
Refer: 752 -1 N 1 0 0 1 0 0 3
EndChar
