StartChar: uniE0BA
Encoding: 57530 57530 594
Width: 1584
VWidth: 2065
Flags: W
HStem: -20 20<543 585 1228 1253> 1451 20<294 392 1054 1121>
DStem2: 176 120 213 77 0.752866 0.658173<0 60.6544> 348 871 384 827 0.806405 0.591364<3.01058 72.7915> 554 290 432 30 0.71887 -0.695145<0 93.0355> 685 1322 516 1090 0.576963 -0.81677<0 91.984> 746 168 793 138 0.548357 0.836244<0.685446 72.9452> 772 1229 819 1198 0.550842 0.834609<0.0166922 57.9887> 1383 1277 1142 1116 0.231503 -0.972834<0 100.834> 1446 187 1479 142 0.805882 0.592076<0 57.1518> 1466 1048 1494 1000 0.871576 0.490261<0.871576 73.4302>
LayerCount: 2
Fore
Refer: 691 -1 N 1 0 0 1 0 0 3
EndChar
