StartChar: uniE014
Encoding: 57364 57364 468
Width: 1001
VWidth: 2065
Flags: W
HStem: 0 45<340.009 465.797 785.203 910.991> 435 148<163.006 524 727 953> 1418 20<592 719>
VStem: 524 203<75.593 434.994 583 1144.99>
DStem2: 72 599 167 607 0.521492 0.853256<44.177 694.053>
LayerCount: 2
Fore
Refer: 623 -1 N 1 0 0 1 0 0 3
EndChar
