StartChar: uniE099
Encoding: 57497 57497 572
Width: 1287
VWidth: 1
Flags: W
HStem: -407 20<1121 1134> -20 20<444 507> 1451 20<547 610>
VStem: 856 226<302 775>
DStem2: -49 221 -18 175 0.836244 0.548357<0.699155 72.9452> 317 954 181 698 0.666947 -0.745105<0 100.042> 281 1356 316 1314 0.759257 0.650791<-73.214 -0.759257> 422 315 284 61 0.655921 -0.75483<0 101.21> 826 1372 690 1116 0.666947 -0.745105<0 100.042> 725 169 765 131 0.700209 0.713938<0.878693 72.1352> 1207 1340 1242 1298 0.759257 0.650791<-73.214 -0.759257> 1209 169 1249 129 0.707107 0.707107<0 73.5391> 1215 -189 1251 -216 0.592076 0.805882<0 60.3589>
LayerCount: 2
Fore
Refer: 680 -1 N 1 0 0 1 0 0 3
EndChar
