StartChar: uniE035
Encoding: 57397 57397 498
Width: 1024
VWidth: 1688
Flags: W
HStem: -20 45<366.134 547.395> 759 199<416 507> 1428 20<207 219 803 814>
VStem: 197 45<1139 1216>
DStem2: 176.227 920.832 221.4 920.334 0.0995013 0.995037<3.99928 79.9995>
LayerCount: 2
Fore
Refer: 644 -1 N 1 0 0 1 0 0 3
EndChar
