StartChar: uniE03D
Encoding: 57405 57405 505
Width: 1139
VWidth: 2065
Flags: W
HStem: -20 20<361.5 373.25 888.5 900.25> 849 109<368.094 687.76 895.094 1097>
VStem: 162 203<197.688 848.995> 689 203<197.688 848.995>
DStem2: 428.643 1238.3 463.642 1209.98 0.588922 0.80819<0 104.17> 460.663 189.338 494 161.67 0.652045 0.75818<0.759884 90.9997> 955.643 1238.3 990.642 1209.98 0.588922 0.80819<0 104.17> 987.663 189.338 1021 161.67 0.652045 0.75818<0.759884 90.9997>
LayerCount: 2
Fore
Refer: 740 -1 N 1 0 0 1 0 0 3
EndChar
