StartChar: uniE01C
Encoding: 57372 57372 475
Width: 939
VWidth: 2065
Flags: W
HStem: -20 21<444.823 456.719> 1051 20<652.859 662.578>
VStem: 162 203<270.75 920.849>
DStem2: 362 301 242 136.5 0.810562 -0.585653<0 223.608> 306.5 1571.23 351 1543.7 0.884385 0.466759<0 26.505> 352.352 952.657 367.008 910.004 0.965442 0.260617<3.03357 125.311> 372 1357 394 1317 0.884229 0.467054<-11.873 120.372> 579 181.5 605.5 146.5 0.815651 0.578544<1.36574 52.7186> 708.5 936.5 579.5 762.5 0.541948 -0.840412<0 76.3204> 585.597 1276.17 628.333 1262.83 0.368098 0.929787<3.33406 68.4745>
LayerCount: 2
Fore
Refer: 760 -1 N 1 0 0 1 0 0 3
EndChar
