StartChar: uniE05F
Encoding: 57439 57439 530
Width: 968
VWidth: 2065
Flags: W
HStem: -407 20<258 274 742 758> 849 45<7.5 71.9045 491.5 555.904> 1428 20<299 333 605 615 783 817 1089 1099>
VStem: 145 242<707 849> 159 45<1155 1230> 629 242<707 849> 643 45<1155 1230>
DStem2: 35 352 60 282 0.941145 0.338003<-10.1007 107.577 370.563 607.979 898.786 998.436> 479 1383 284 1258 0.875795 -0.482683<-110.445 0> 568 1380.5 609 1363 0.351123 0.936329<0 66.3623> 963 1383 768 1258 0.875795 -0.482683<-110.445 0> 1052 1380.5 1093 1363 0.351123 0.936329<0 66.3623>
LayerCount: 2
Fore
Refer: 743 -1 N 1 0 0 1 0 0 3
EndChar
