StartChar: uniE087
Encoding: 57479 57479 555
Width: 938
VWidth: 2065
Flags: W
HStem: -20 20<222 235 656 675> 1051 20<264 283 704 717>
VStem: 368 203<247.137 803.863>
DStem2: 320 181 81 153 0.626443 -0.779467<-127.895 0> 84 829 121 804 0.582277 0.81299<-22.8956 104.129> 332 156 358.463 118 0.660628 0.750714<0 48.8564> 541 888 607 895 0.660628 0.750714<0 48.8564> 858 898 619 870 0.626443 -0.779467<-127.895 0> 785 200 855 222 0.582277 0.81299<-44.9557 81.5407>
LayerCount: 2
Fore
Refer: 652 -1 N 1 0 0 1 0 0 3
EndChar
