StartChar: uniE09C
Encoding: 57500 57500 573
Width: 1760
VWidth: 1
Flags: W
HStem: -36 20<1200 1301> -21 20<444 507> 1451 20<547 610 1379 1422>
VStem: 856 226<301 774>
DStem2: -49 220 -18 174 0.836244 0.548357<0.699155 72.9452> 317 953 181 697 0.666947 -0.745105<0 100.042> 281 1355 316 1313 0.759257 0.650791<-73.214 -0.759257> 422 314 284 60 0.655921 -0.75483<0 101.21> 826 1371 690 1115 0.666947 -0.745105<0 100.042> 725 168 765 130 0.700209 0.713938<0.878693 72.1352> 1110.68 1263.81 1154 1229 0.6378 0.770202<0.815423 73.5317> 1143 743 1191 715 0.516493 0.856291<0.815516 73.5323> 1464 930 1351 663 0.728887 -0.684634<0 100.433> 1494 1446 1381 1179 0.728887 -0.684634<0 100.433> 1578 823 1626 794 0.516493 0.856291<0 72.7168> 1604 157 1635 110 0.812817 0.582519<0 71.6363> 1608 1339 1656 1310 0.516493 0.856291<0 72.7168>
LayerCount: 2
Fore
Refer: 662 -1 N 1 0 0 1 0 0 3
EndChar
