StartChar: uniE032
Encoding: 57394 57394 495
Width: 1024
VWidth: 2065
Flags: W
HStem: -21 20<77.125 90.625 825 842.75> -1 203<282.011 833.502> 1402 45<367.26 546.199>
DStem2: 837 238 896 378 0.0962363 0.995359<-36.5664 179.672>
LayerCount: 2
Fore
Refer: 641 -1 N 1 0 0 1 0 0 3
EndChar
