StartChar: uniFB04
Encoding: 64260 64260 617
Width: 1534
VWidth: 2065
Flags: W
HStem: -407 20<258 274 740 756> -20 20<1327.5 1339.25> 849 44<7.5 71.9045> 849 109<387.005 611.258 869.005 1025> 1403 45<1440.51 1571.99> 1428 20<299 333 605 615 781 815 1087 1097>
VStem: 145 242<707 849> 159 45<1155 1230> 627 242<707 849> 641 45<1155 1230> 1128 203<197.688 1219.56>
DStem2: 479 1383 284 1258 0.875795 -0.482683<-110.445 0> 568 1380.5 609 1363 0.351123 0.936329<0 66.3623> 961 1383 766 1258 0.875795 -0.482683<-110.445 0> 1050 1380.5 1091 1363 0.351123 0.936329<0 66.3623> 1102 1289.34 1061.01 1270.69 0.439869 -0.898062<0 53.2921> 1426.66 189.338 1460 161.67 0.652045 0.75818<0.759884 90.9997>
LayerCount: 2
Fore
Refer: 725 -1 N 1 0 0 1 0 0 3
EndChar
