StartChar: uniFB00
Encoding: 64256 64256 613
Width: 1068
VWidth: 2065
Flags: W
HStem: -407 20<255 271 737 753> 849 44<7.5 71.9045> 849 109<387.005 611.258 869.005 1025> 1428 20<296 330 602 612 778 812 1084 1094>
VStem: 142 242<707 849> 156 45<1155 1230> 624 242<707 849> 638 45<1155 1230>
DStem2: 476 1383 281 1258 0.875795 -0.482683<-110.445 0> 565 1380.5 606 1363 0.351123 0.936329<0 66.3623> 958 1383 763 1258 0.875795 -0.482683<-110.445 0> 1047 1380.5 1088 1363 0.351123 0.936329<0 66.3623>
LayerCount: 2
Fore
Refer: 710 -1 N 1 0 0 1 0 0 3
EndChar
