StartChar: uring
Encoding: 367 367 287
Width: 965
VWidth: 17
HStem: -20 20<354.651 365.651 785 796> 1051 20<168.68 179.68 697.349 705.349>
VStem: 162 203<212.135 855.454> 600 203<217.062 844.372>
DStem2: 83 856 45 881 0.563337 0.826227<-53.2541 -0.751116> 326 1555 371 1528 0.884569 0.466409<0 27.2126> 334.5 4.5 370.5 243.5 0.752802 -0.658247<-130.22 0> 376 -12 583 243 0.731172 0.682194<185.21 298.926> 517 1195 562 1168 0.884569 0.466409<0 27.2126> 950 214 912 239 0.563337 0.826227<-53.2541 -0.751116>
LayerCount: 2
Fore
Refer: 327 730 N 1 0 0 1 158 89 2
Refer: 85 117 N 1 0 0 1 0 0 3
LCarets2: 1 0 
EndChar
