StartChar: utilde
Encoding: 361 361 281
Width: 965
VWidth: 17
HStem: -20 20<354.651 365.651 785 796> 1051 20<168.68 179.68 697.349 705.349>
VStem: 162 203<212.135 855.454> 600 203<217.062 844.372>
DStem2: 83 856 45 881 0.563337 0.826227<-53.2541 -0.751116> 211 1243 254 1228 0.21693 0.976187<0 46.857> 419.673 1445.79 350.668 1289.98 0.815735 -0.578426<33.8386 184.836> 334.5 4.5 370.5 243.5 0.752802 -0.658247<-130.22 0> 376 -12 583 243 0.731172 0.682194<185.21 298.926> 660 1348 702 1330 0.21693 0.976187<0 46.857> 950 214 912 239 0.563337 0.826227<-53.2541 -0.751116>
LayerCount: 2
Fore
Refer: 329 732 N 1 0 0 1 165 27 2
Refer: 85 117 N 1 0 0 1 0 0 3
LCarets2: 1 0 
Ligature2: "Unicode Diacritics" u tildecomb
EndChar
