StartChar: wcircumflex
Encoding: 373 373 293
Width: 1383
VWidth: 17
Flags: W
HStem: -20 21<258.25 268.75 892.75 906.25> 1051 20<614 626 1084.25 1096.75> 1146 20<412 424 905 924> 1451 20<668 680>
VStem: 162 203<206.869 823.625> 610 203<291.515 851.602>
DStem2: 215 1071 138 876 0.809942 -0.58651<0 52.0039> 154 1207 186 1175 0.725953 0.687745<1.22266 52.345> 381 859 384 800 0.73038 0.683041<-13.4551 119.644> 393.204 1172.5 425.95 1141.5 0.675233 0.737604<0 96.2576> 882 277 808 69 0.759257 -0.650791<0 79.1796> 821 882 825 828 0.805748 0.592259<-10.6904 90.4351> 1141 991 1049 793 0.700932 -0.713229<0 76.7336>
LayerCount: 2
Fore
Refer: 323 710 N 1 0 0 1 347 23 2
Refer: 87 119 N 1 0 0 1 0 0 3
LCarets2: 1 0 
Ligature2: "Unicode Diacritics" w circumflexcomb
EndChar
