StartChar: ycircumflex.modern
Encoding: 65572 -1 655
Width: 965
VWidth: 17
Flags: W
HStem: -386 21<314 384> -20 20<350.5 362.5> 1051 20<170 182 697 707> 1145 20<206 218 699 718> 1450 20<462 474>
VStem: 163 203<183.443 855.454> 601 203<-122.062 184.995 218.188 844.372>
DStem2: 16.9092 837.272 54 811.909 0.563826 0.825893<0 52.5967> 187.204 1171.5 219.95 1140.5 0.675233 0.737604<0 96.2576> 471 -329 514 -363 0.961524 0.274721<0 32.005> 503 167 578 176 0.730567 0.682841<-35.3767 78.611>
LayerCount: 2
Fore
Refer: 323 710 N 1 0 0 1 141 22 2
Refer: 654 -1 N 1 0 0 1 0 0 3
EndChar
