StartChar: zcaron
Encoding: 382 382 302
Width: 732
VWidth: 2065
GlyphClass: 1
Flags: W
HStem: -386 45<318.25 357.5> 1051 20<317 329> 1146 20<313 325> 1451 20<69 88 569 581>
DStem2: 117.5 815.5 190 837.5 0.601151 0.799135<0 61.1644> 129 471 192.171 441.841 0.947385 0.320095<0 50.5135> 379.5 1021.5 149.5 941.5 0.796802 -0.604241<20.3616 66.7421> 503.5 510 524.5 470 0.879707 0.475517<0 146.661> 599.796 1444.5 567.05 1475.5 0.675233 0.737604<-96.2576 0>
LayerCount: 2
Fore
Refer: 324 711 N 1 0 0 1 4 23 2
Refer: 90 122 N 1 0 0 1 0 0 3
LCarets2: 1 0 
Ligature2: "Unicode Diacritics" z caroncomb
EndChar
