StartChar: zero.inferior
Encoding: 8320 8320 410
Width: 661
VWidth: 927
Flags: W
HStem: -418 20<325 342> 313 20<319 336>
DStem2: 136 146 173 120 0.631271 0.775562<3.19243 55.4437> 340 -194 290 -384 0.83365 -0.552293<0 63.2532> 371 299 321 109 0.83365 -0.552293<0 63.2532> 453 -248 490 -274 0.631271 0.775562<3.19243 55.4437>
LayerCount: 2
Fore
Refer: 408 8304 N 1 0 0 1 0 -1138 3
EndChar
